     0/299      8.8G      3.24     0.561      2.43      6.23        33       448         0         0  2.29e-07         0      3.31     0.606      2.51
     1/299      8.8G      2.96     0.257      2.35      5.57        53       544         0         0         0         0      3.03     0.282      2.44
     2/299     8.81G      2.77      0.19      2.27      5.23        22       352         0         0         0         0      2.92     0.208      2.39
     3/299     8.81G      2.68     0.166      2.23      5.08        16       608         0         0  4.37e-07         0      2.85     0.207      2.36
     4/299     8.81G       2.7     0.166      2.28      5.14        22       608         0         0         0         0       2.8     0.206      2.33
     5/299     8.81G      2.58     0.165       2.2      4.95        15       384         0         0         0         0      2.79     0.206      2.33
     6/299     8.81G      2.58     0.161       2.2      4.94        24       576         0         0  9.04e-06         0      2.76     0.204      2.26
     7/299     8.81G      2.49     0.159      2.09      4.74        15       352         0         0         0         0      2.72     0.201      2.23
     8/299     8.81G      2.56     0.158      2.08       4.8        27       640         0         0  1.55e-06         0      2.68     0.204      2.12
     9/299     8.81G      2.51     0.151         2      4.67        22       544     0.143  0.000313   0.00154  0.000624      2.67     0.205      2.03
    10/299     8.81G      2.49     0.151      1.95      4.59        12       448         0         0  0.000714         0      2.65     0.205      1.92
    11/299     8.81G      2.52     0.154       1.9      4.57        19       448         0         0   0.00543         0      2.53     0.209       1.8
    12/299     8.81G      2.38     0.154      1.71      4.25        19       544     0.143  0.000313    0.0092  0.000624      2.49     0.211      1.69
    13/299     8.81G      2.34     0.156      1.68      4.17        14       416     0.143  0.000313    0.0121  0.000624      2.34     0.215       1.6
    14/299     8.81G      2.11     0.162      1.53       3.8        36       544     0.143  0.000313    0.0154  0.000624      2.25     0.218       1.5
    15/299     8.81G      2.15     0.163      1.56      3.88        23       608     0.143  0.000313    0.0213  0.000624      2.18     0.216      1.43
    16/299     8.81G         2     0.163       1.4      3.56        17       480     0.143  0.000313    0.0256  0.000624       2.1     0.223      1.35
    17/299     8.81G      1.98     0.165      1.35      3.49        20       352     0.143  0.000313    0.0421  0.000624      2.04     0.222      1.24
    18/299     8.81G      1.94     0.162      1.31      3.41        31       576     0.286  0.000832    0.0477   0.00166      1.95     0.221      1.19
    19/299     8.81G      2.01     0.162      1.32      3.49        24       480     0.143   0.00714    0.0559    0.0136      2.02     0.214      1.16
    20/299     8.81G      1.86     0.162       1.2      3.22        18       640     0.286   0.00221      0.06   0.00437      1.88     0.218      1.11
    21/299     8.81G      1.81     0.154      1.14      3.11        32       512     0.278    0.0228    0.0601    0.0393      1.91      0.21      1.09
    22/299     8.81G      1.76     0.153      1.08      2.99        19       320     0.407    0.0344    0.0661    0.0546      1.88     0.209      1.08
    23/299     8.81G      1.77     0.153      1.07         3        34       608     0.213    0.0371    0.0674    0.0547      1.83     0.206      1.04
    24/299     8.81G      1.68     0.154      1.01      2.85        22       320     0.243    0.0394    0.0686    0.0576      1.83     0.203       1.1
    25/299     8.81G      1.68     0.147         1      2.83        32       512      0.22     0.047    0.0785    0.0668      1.82     0.198         1
    26/299     8.81G       1.7     0.144      1.01      2.85        23       416     0.425    0.0475    0.0856    0.0716       1.7     0.202     0.988
    27/299     8.81G      1.61     0.139     0.978      2.73        21       384     0.281    0.0449    0.0836    0.0719      1.75     0.197     0.973
    28/299     8.81G      1.66     0.143     0.943      2.75        31       480      0.32    0.0574    0.0864    0.0827      1.71     0.192     0.941
    29/299     8.81G      1.64     0.142     0.934      2.72        22       576     0.286    0.0625    0.0938    0.0904      1.68     0.191     0.925
    30/299     8.81G      1.66     0.144     0.946      2.75        23       608     0.206    0.0753    0.0963    0.0953      1.66     0.191     0.895
    31/299     8.81G      1.55      0.14     0.876      2.56        32       416     0.224    0.0664     0.098    0.0898      1.67     0.185     0.891
    32/299     8.81G      1.54     0.134     0.855      2.53        25       480     0.355    0.0734     0.102    0.0989      1.62     0.184     0.883
    33/299     8.81G      1.55     0.138     0.849      2.54        24       544     0.413    0.0851     0.115     0.118      1.61     0.182     0.873
    34/299     8.81G      1.58     0.135     0.858      2.58        22       416     0.416    0.0768     0.115     0.105      1.58     0.182     0.824
    35/299     8.81G      1.57     0.128     0.838      2.54        24       640     0.558    0.0842     0.122     0.123      1.62      0.18     0.831
    36/299     8.81G      1.53      0.13     0.848      2.51        25       416     0.548    0.0914     0.126     0.125      1.67     0.174     0.802
    37/299     8.81G      1.52     0.127     0.801      2.45        28       640     0.254     0.099     0.134     0.136      1.65     0.174       0.8
    38/299     8.81G      1.52     0.126      0.81      2.46        20       576     0.423     0.101     0.136     0.134      1.55     0.174     0.767
    39/299     8.81G      1.38     0.122     0.714      2.22        34       352     0.459      0.12     0.152     0.159      1.54     0.171     0.757
    40/299     8.81G      1.42     0.129      0.75      2.29        13       544     0.447     0.118     0.149     0.151      1.58     0.168     0.751
    41/299     8.81G      1.44     0.124     0.776      2.34        31       352     0.514     0.119     0.145     0.157      1.57     0.168     0.752
    42/299     8.81G      1.48     0.127     0.748      2.36        17       384     0.475     0.122     0.155     0.161      1.46     0.171     0.736
    43/299     8.81G      1.54      0.13     0.802      2.47        18       320     0.584     0.113     0.167     0.162      1.51     0.167     0.764
    44/299     8.81G      1.45     0.122     0.724       2.3        34       416     0.402     0.133     0.168     0.167      1.44     0.168     0.699
    45/299     8.81G      1.42     0.122     0.703      2.25        23       512     0.499     0.138     0.177     0.187       1.5     0.161     0.688
    46/299     8.81G      1.42     0.121     0.689      2.23        27       480     0.509     0.136     0.177     0.178      1.44     0.159     0.697
    47/299     8.81G       1.4     0.121     0.696      2.22        28       480     0.554     0.126     0.175     0.175      1.44     0.163     0.706
    48/299     8.81G      1.41     0.116     0.652      2.18        25       544     0.547     0.133     0.177     0.182      1.45     0.157     0.692
    49/299     8.81G      1.43     0.116     0.692      2.23        22       576     0.478     0.142     0.181     0.193       1.4     0.157     0.683
    50/299     8.81G      1.39     0.112     0.647      2.15        20       608     0.466     0.159     0.185     0.209      1.42     0.152     0.674
    51/299     8.81G      1.37      0.11     0.669      2.15        19       512     0.554     0.165     0.194     0.224      1.41     0.155     0.679
    52/299     8.81G      1.38     0.113     0.643      2.13        17       512     0.472     0.183     0.193     0.236      1.38     0.151     0.665
    53/299     8.81G      1.38     0.108     0.653      2.14        21       512     0.529     0.184       0.2     0.242      1.43     0.149     0.692
    54/299     8.81G      1.36     0.109     0.614      2.08        12       480     0.491     0.186     0.202     0.234      1.44     0.146     0.681
    55/299     8.81G      1.33      0.11     0.653      2.09        14       416     0.544     0.178     0.206     0.242      1.37     0.146     0.664
    56/299     8.81G      1.34     0.107     0.606      2.06        34       512     0.528     0.176     0.205     0.234      1.36     0.147     0.682
    57/299     8.81G      1.35     0.108     0.657      2.11        21       384      0.52     0.194     0.211     0.258      1.32     0.141     0.657
    58/299     8.81G      1.25     0.105     0.604      1.96        20       544     0.593     0.162     0.204     0.235      1.35     0.148     0.686
    59/299     8.81G      1.28     0.107     0.579      1.96        18       640     0.548      0.18     0.203     0.249      1.34     0.143     0.662
    60/299     8.81G      1.32     0.104     0.606      2.03        16       608     0.564     0.196     0.218     0.268      1.35     0.142     0.643
    61/299     8.81G      1.27     0.105     0.594      1.97        22       640     0.498     0.218     0.223     0.287      1.27     0.145     0.617
    62/299     8.81G      1.32     0.101     0.603      2.03        14       416     0.528     0.213     0.228     0.284      1.36     0.137     0.647
    63/299     8.81G      1.24    0.0972     0.577      1.91        17       608     0.522     0.197     0.224     0.265      1.36     0.139     0.641
    64/299     8.81G      1.25     0.102     0.589      1.94        20       512     0.505     0.227     0.227     0.295       1.3     0.139     0.614
    65/299     8.81G      1.28     0.102     0.602      1.98        15       320     0.485     0.235     0.231     0.299      1.29     0.138     0.615
    66/299     8.81G      1.24    0.0975     0.553      1.89        14       480     0.496     0.231     0.234     0.297      1.26     0.138     0.621
    67/299     8.81G      1.26     0.097     0.608      1.97        27       448      0.54     0.223      0.23     0.293      1.26     0.136     0.623
    68/299     8.81G       1.2    0.0956     0.542      1.84        22       544     0.522     0.235     0.242     0.302      1.25     0.134     0.625
    69/299     8.81G      1.29     0.102     0.574      1.97        35       640     0.539     0.235     0.243      0.31      1.22     0.137     0.606
    70/299     8.81G       1.2    0.0961     0.507       1.8        16       448     0.583     0.234      0.25     0.315      1.21     0.135     0.613
    71/299     8.81G      1.26       0.1      0.57      1.93        13       416     0.562     0.224      0.25       0.3      1.26     0.132     0.599
    72/299     8.81G      1.21    0.0946     0.499       1.8        18       384     0.524     0.245     0.253     0.317      1.19     0.132       0.6
    73/299     8.81G      1.22    0.0954      0.55      1.87        25       320      0.55     0.246     0.253     0.325       1.2     0.133     0.608
    74/299     8.81G      1.21    0.0959     0.555      1.86        14       352     0.591     0.233     0.253     0.318       1.2     0.131     0.588
    75/299     8.81G      1.17    0.0944     0.542      1.81        19       608     0.525     0.247     0.249     0.319       1.2      0.13     0.585
    76/299     8.81G      1.17    0.0908     0.488      1.75        30       512     0.578     0.244      0.25      0.33      1.24     0.128     0.582
    77/299     8.81G       1.2    0.0914     0.509       1.8        18       384     0.542     0.248     0.247     0.328      1.23     0.129     0.597
    78/299     8.81G      1.21    0.0885     0.529      1.83        19       576     0.557     0.254     0.263     0.335      1.17     0.129      0.59
    79/299     8.81G      1.19    0.0945      0.52       1.8        28       320      0.62     0.226     0.257     0.319      1.22     0.125     0.606
    80/299     8.81G      1.22    0.0889     0.489       1.8        16       416     0.506     0.263     0.263     0.334      1.19     0.125     0.602
    81/299     8.81G      1.16    0.0907     0.463      1.71        36       416     0.503     0.273     0.266     0.344      1.19     0.125     0.582
    82/299     8.81G      1.18     0.093     0.479      1.75        24       384     0.569     0.256     0.264     0.343      1.19     0.122     0.584
    83/299     8.81G      1.17    0.0902     0.467      1.73        37       480       0.6     0.257     0.271     0.351      1.22     0.119     0.578
    84/299     8.81G      1.16    0.0899     0.465      1.72        30       640     0.536     0.273     0.273     0.349      1.17     0.122      0.56
    85/299     8.81G       1.2    0.0948     0.509       1.8        24       448     0.574     0.267     0.276     0.352      1.16     0.122     0.553
    86/299     8.81G      1.19    0.0859     0.484      1.76        21       448     0.514     0.277     0.274     0.353      1.16     0.121     0.547
    87/299     8.81G      1.11    0.0825     0.415      1.61        25       384     0.522     0.277     0.278     0.348      1.18     0.118     0.546
    88/299     8.81G      1.11    0.0837      0.41       1.6        32       416     0.535     0.283     0.283     0.363      1.13      0.12     0.552
    89/299     8.81G      1.15    0.0873     0.452      1.69        18       416     0.571     0.273     0.282     0.359      1.16     0.119      0.53
    90/299     8.81G      1.11    0.0837     0.413      1.61        25       480     0.554     0.277     0.279     0.362      1.14     0.119     0.547
    91/299     8.81G      1.12    0.0838     0.435      1.64        18       416     0.538     0.288     0.283     0.365      1.13     0.117     0.538
    92/299     8.81G      1.13    0.0869     0.431      1.65        23       608      0.55     0.278     0.288     0.361      1.13     0.117     0.526
    93/299     8.81G      1.14    0.0844     0.428      1.66        17       512     0.572     0.279     0.289     0.364      1.12     0.117     0.518
    94/299     8.81G      1.11     0.084     0.437      1.63        22       576     0.579     0.285     0.289     0.371      1.16     0.115     0.519
    95/299     8.81G      1.11     0.086     0.424      1.62        24       416     0.588     0.279     0.286     0.368      1.15     0.115     0.565
    96/299     8.81G      1.16    0.0885     0.441      1.69        15       384     0.566     0.286     0.285     0.371      1.13     0.117     0.565
    97/299     8.81G      1.12    0.0801     0.412      1.61        16       448     0.543     0.284     0.283     0.363      1.16     0.115     0.553
    98/299     8.81G       1.1     0.081       0.4      1.58        12       352      0.55     0.292     0.287     0.375      1.13     0.115     0.558
    99/299     8.81G      1.12      0.08      0.39      1.59        32       512     0.566      0.29     0.289     0.378      1.11     0.115     0.534
   100/299     8.81G       1.1    0.0786     0.388      1.57        13       416     0.596     0.285     0.295     0.376      1.11     0.113     0.528
   101/299     8.81G      1.13    0.0875     0.417      1.63        24       608     0.564     0.295     0.291      0.38       1.1     0.113     0.567
   102/299     8.81G      1.07    0.0787     0.393      1.54        14       480     0.549     0.295     0.297     0.376       1.1     0.111     0.535
   103/299     8.81G       1.1    0.0795     0.398      1.58        32       448     0.538     0.292     0.292     0.372      1.11     0.113     0.521
   104/299     8.81G      1.07    0.0785     0.383      1.53        30       352     0.576     0.291     0.295     0.378      1.13     0.112     0.514
   105/299     8.81G       1.1    0.0803     0.393      1.57        16       544     0.559     0.296     0.295     0.377       1.1     0.111     0.526
   106/299     8.81G      1.09    0.0802      0.39      1.56        22       640      0.57     0.297     0.299     0.384       1.1     0.109     0.521
   107/299     8.81G      1.07    0.0781     0.385      1.54        28       544     0.581      0.29     0.297      0.38      1.12     0.108     0.535
   108/299     8.81G      1.09    0.0788     0.366      1.53        35       320     0.574     0.293     0.299     0.383      1.08      0.11     0.524
   109/299     8.81G      1.04    0.0787     0.338      1.46        15       384     0.549     0.305     0.304     0.386      1.08     0.109     0.524
   110/299     8.81G      1.04    0.0783     0.368      1.49        17       352     0.564     0.299     0.304     0.384      1.06      0.11     0.516
   111/299     8.81G      1.09    0.0786     0.376      1.54        23       608     0.586     0.295     0.308     0.385      1.09     0.109     0.492
   112/299     8.81G      1.12     0.082     0.371      1.57        15       544     0.554     0.306     0.308     0.387      1.08     0.107     0.517
   113/299     8.81G      1.13    0.0821     0.398      1.61        23       448     0.543     0.302     0.308     0.382      1.06     0.108     0.513
   114/299     8.81G      1.09    0.0808     0.351      1.52        20       640     0.559     0.297     0.309     0.382      1.07     0.107     0.511
   115/299     8.81G      1.12    0.0787     0.379      1.57        21       352     0.579     0.306     0.313     0.395      1.07     0.106     0.517
   116/299     8.81G      1.12    0.0788     0.359      1.55        27       608     0.538      0.31     0.311      0.39      1.06     0.107     0.549
   117/299     8.81G      1.06    0.0765     0.356      1.49        31       480      0.57     0.303     0.309      0.39      1.07     0.105     0.537
   118/299     8.81G      1.06    0.0758     0.337      1.48        18       576     0.583     0.313     0.316     0.401      1.05     0.106     0.524
   119/299     8.81G      1.05    0.0757     0.335      1.47        22       608     0.611     0.305     0.315       0.4      1.04     0.105     0.503
   120/299     8.81G      1.08    0.0786     0.327      1.48        22       384     0.616     0.307      0.32     0.403      1.05     0.105     0.514
   121/299     8.81G      1.04    0.0761      0.33      1.45        23       384     0.574     0.314     0.317     0.403      1.06     0.104     0.514
   122/299     8.81G      1.05     0.072     0.316      1.44        39       320     0.591     0.309     0.316     0.401      1.07     0.106      0.53
   123/299     8.81G      1.04    0.0754     0.324      1.44        20       352     0.575     0.312     0.317     0.399      1.05     0.105     0.532
   124/299     8.81G      1.04    0.0747      0.35      1.47        21       384     0.575     0.314     0.322     0.402      1.04     0.105     0.512
   125/299     8.81G      1.01    0.0737     0.323       1.4        18       416     0.596     0.312     0.322     0.404      1.04     0.104     0.516
   126/299     8.81G      1.01    0.0721     0.311      1.39        23       640     0.584     0.318     0.321     0.408      1.04     0.103     0.515
   127/299     8.81G      1.08    0.0772     0.329      1.48        23       416     0.575     0.319     0.324     0.405      1.02     0.104     0.511
   128/299     8.81G     0.956    0.0698     0.282      1.31        26       416     0.582     0.315      0.32     0.405      1.04     0.102     0.515
   129/299     8.81G      1.05    0.0737     0.299      1.42        23       384     0.573     0.315      0.32     0.402      1.03     0.102     0.511
   130/299     8.81G      1.02    0.0743      0.32      1.41        27       576     0.588     0.316     0.322     0.406      1.03     0.101     0.513
   131/299     8.81G      1.03    0.0715     0.283      1.39        10       352     0.555      0.32     0.318     0.402      1.03     0.102     0.508
   132/299     8.81G      1.01    0.0783      0.31       1.4        29       352     0.585     0.314     0.321     0.403      1.01     0.102     0.509
   133/299     8.81G      1.01    0.0733     0.295      1.38        17       384     0.583     0.318     0.323     0.406      1.01     0.101     0.519
   134/299     8.81G      1.04    0.0735     0.314      1.42        28       416     0.591     0.316     0.323     0.408      1.02     0.101     0.517
   135/299     8.81G      1.01    0.0752     0.304      1.39        22       352     0.601     0.314     0.324     0.409      1.03       0.1      0.51
   136/299     8.81G      1.01    0.0713     0.285      1.37        25       480     0.589     0.319     0.326      0.41      1.03     0.101     0.513
   137/299     8.81G     0.998    0.0709     0.308      1.38        22       352     0.568     0.329     0.329     0.413      1.02     0.101     0.515
   138/299     8.81G      1.01    0.0701     0.294      1.38        18       352     0.574     0.322     0.324     0.409         1     0.102     0.515
   139/299     8.81G      1.04    0.0731     0.305      1.41        20       576     0.575      0.32     0.323     0.408     0.996     0.102     0.525
   140/299     8.81G     0.978    0.0712     0.272      1.32        22       480     0.579     0.315     0.326     0.404      1.02       0.1     0.509
   141/299     8.81G     0.976    0.0702     0.272      1.32        18       384     0.579      0.32     0.329     0.409      1.01    0.0997     0.498
   142/299     8.81G      1.01    0.0738     0.296      1.38        22       352     0.575     0.324     0.329     0.412         1       0.1     0.507
   143/299     8.81G     0.988     0.073     0.266      1.33        20       448     0.591     0.322     0.333     0.414         1       0.1     0.506
   144/299     8.81G     0.958    0.0705     0.272       1.3        31       320     0.604     0.328     0.337     0.421         1    0.0981     0.495
   145/299     8.81G      1.01    0.0705     0.293      1.37        12       480     0.593     0.329     0.334      0.42     0.996    0.0979     0.501
   146/299     8.81G      1.04    0.0719     0.263      1.38        25       320     0.591     0.333     0.334     0.423     0.975    0.0985       0.5
   147/299     8.81G     0.953     0.067     0.253      1.27        15       480     0.586     0.328     0.337     0.418     0.993    0.0974     0.506
   148/299     8.81G     0.963    0.0693     0.268       1.3        21       320     0.576     0.333     0.337     0.418     0.994    0.0971     0.516
   149/299     8.81G     0.963    0.0673      0.27       1.3        26       544     0.573     0.329     0.333     0.415      0.99    0.0978     0.516
   150/299     8.81G         1    0.0754      0.28      1.36        30       384     0.594     0.327     0.332     0.418         1     0.097     0.516
   151/299     8.81G     0.972    0.0708     0.249      1.29        29       320     0.589     0.328     0.334     0.418         1     0.097     0.502
   152/299     8.81G         1    0.0703     0.271      1.34        22       352     0.583     0.328     0.332     0.416         1    0.0969     0.504
   153/299     8.81G     0.979    0.0686     0.276      1.32        20       416     0.574     0.327     0.332     0.414      0.98    0.0968     0.516
   154/299     8.81G     0.958    0.0683     0.243      1.27        20       608     0.576     0.331     0.335     0.418     0.984    0.0957      0.51
   155/299     8.81G     0.943    0.0674     0.249      1.26        25       576     0.587     0.334     0.338     0.423     0.975    0.0956     0.515
   156/299     8.81G     0.953    0.0684     0.263      1.28        35       608     0.603     0.333     0.337     0.426      0.98    0.0948      0.51
   157/299     8.81G      1.01    0.0703     0.272      1.36        22       608      0.59     0.335     0.336     0.424     0.988    0.0949     0.519
   158/299     8.81G     0.946    0.0676     0.254      1.27        27       480      0.58     0.336     0.337     0.423     0.996    0.0944     0.518
   159/299     8.81G      1.01    0.0723     0.283      1.36        36       384     0.588     0.338     0.337     0.426     0.981    0.0947     0.528
   160/299     8.81G     0.955    0.0701     0.238      1.26        22       544     0.583     0.336     0.338     0.424     0.975     0.095      0.53
   161/299     8.81G     0.954    0.0683     0.258      1.28        17       576     0.576     0.337     0.338     0.422     0.971    0.0949     0.522
   162/299     8.81G     0.958    0.0681     0.233      1.26        11       576     0.582     0.339     0.341     0.426     0.971    0.0946     0.522
   163/299     8.81G     0.953    0.0642     0.225      1.24        32       320     0.589     0.339     0.342     0.428     0.968    0.0943     0.527
   164/299     8.81G     0.923    0.0689      0.21       1.2        21       480     0.587     0.341     0.342     0.429     0.974    0.0937     0.533
   165/299     8.81G      0.94    0.0656      0.24      1.25        18       416     0.598     0.339     0.343      0.43     0.975    0.0932      0.54
   166/299     8.81G     0.915    0.0651     0.257      1.24        21       416     0.596     0.337     0.342     0.428     0.982    0.0928     0.537
   167/299     8.81G     0.944    0.0705     0.225      1.24        13       544     0.596     0.336     0.344     0.427     0.975    0.0928     0.534
   168/299     8.81G     0.928    0.0653     0.237      1.23        11       576      0.59     0.336     0.343     0.425     0.968    0.0926     0.534
   169/299     8.81G      0.94    0.0671     0.242      1.25        26       480     0.598     0.334     0.342     0.425     0.971     0.092     0.542
   170/299     8.81G     0.928    0.0648     0.251      1.24        15       416     0.593     0.332     0.341     0.423     0.974    0.0916     0.539
   171/299     8.81G      0.94    0.0673     0.225      1.23        23       384     0.601     0.335     0.343     0.427     0.979    0.0915     0.539
   172/299     8.81G     0.967    0.0693     0.234      1.27        26       608     0.591     0.334     0.343     0.424     0.969    0.0916     0.539
   173/299     8.81G     0.905    0.0662     0.233       1.2        24       480     0.597     0.336     0.343     0.426     0.964    0.0914     0.537
   174/299     8.81G      0.91    0.0641     0.218      1.19        36       576     0.597     0.336     0.344     0.427     0.957    0.0914     0.544
   175/299     8.81G     0.932    0.0656     0.223      1.22        19       640     0.592     0.336     0.344     0.426     0.963    0.0911     0.541
   176/299     8.81G     0.889    0.0629     0.202      1.15        27       416     0.588     0.335     0.344     0.423     0.966    0.0907     0.532
   177/299     8.81G      0.91    0.0673     0.219       1.2        23       320     0.586     0.333     0.343     0.422     0.973    0.0902     0.528
   178/299     8.81G     0.909    0.0633      0.23       1.2        19       320     0.592     0.332     0.344     0.423      0.97      0.09     0.518
   179/299     8.81G     0.914    0.0645     0.213      1.19        17       640      0.59     0.336     0.345     0.425     0.965    0.0903      0.52
   180/299     8.81G     0.873    0.0641      0.22      1.16        31       576     0.595     0.334     0.345     0.425     0.967    0.0901     0.525
   181/299     8.81G     0.938    0.0639     0.227      1.23        17       352      0.59     0.336     0.345     0.425     0.965    0.0899     0.528
   182/299     8.81G     0.897    0.0649      0.23      1.19        18       416     0.594     0.333     0.344     0.424     0.963    0.0897     0.535
   183/299     8.81G     0.902    0.0661     0.254      1.22        31       576     0.596     0.334     0.345     0.425     0.964    0.0895     0.538
   184/299     8.81G     0.921    0.0649     0.224      1.21        32       480     0.596     0.336     0.348     0.427     0.967    0.0893     0.536
   185/299     8.81G     0.893    0.0644     0.207      1.16        23       512     0.593     0.336     0.348     0.426     0.963    0.0891     0.533
   186/299     8.81G     0.912    0.0672     0.213      1.19        25       608     0.596     0.337     0.349     0.428     0.958    0.0891     0.528
   187/299     8.81G      0.88    0.0648     0.248      1.19        13       480     0.598     0.338     0.349     0.429     0.959    0.0888     0.524
   188/299     8.81G     0.855    0.0656     0.209      1.13        41       416       0.6     0.341      0.35     0.432     0.957    0.0886      0.52
   189/299     8.81G     0.923    0.0646     0.213       1.2        25       320     0.591     0.341      0.35      0.43     0.954    0.0886     0.523
   190/299     8.81G     0.882    0.0627     0.189      1.13        20       576     0.589     0.343      0.35     0.431     0.949    0.0888     0.524
   191/299     8.81G     0.922     0.065     0.207      1.19        24       448     0.591     0.343      0.35     0.431     0.951    0.0885     0.522
   192/299     8.81G     0.894    0.0641     0.208      1.17        36       608     0.589     0.343     0.349     0.431     0.952    0.0883     0.522
   193/299     8.81G     0.905    0.0643     0.199      1.17        18       320     0.588     0.343     0.351     0.431     0.951    0.0881     0.524
   194/299     8.81G      0.87    0.0611     0.214      1.15        21       416     0.595     0.346     0.353     0.435     0.954    0.0879     0.521
   195/299     8.81G     0.933    0.0661     0.213      1.21        39       480     0.593     0.346     0.353     0.435     0.955    0.0879     0.522
   196/299     8.81G      0.85    0.0623     0.174      1.09        25       480      0.59     0.347     0.354     0.434     0.954    0.0877     0.524
   197/299     8.81G     0.837    0.0628     0.178      1.08        29       352     0.597     0.348     0.354     0.437     0.954    0.0874     0.527
   198/299     8.81G     0.897    0.0639      0.19      1.15        23       640     0.593     0.346     0.354     0.435     0.953    0.0872     0.532
   199/299     8.81G     0.863    0.0609     0.194      1.12        15       480     0.592     0.347     0.354     0.435      0.95    0.0872     0.533
   200/299     8.81G     0.891    0.0622     0.209      1.16        21       352     0.594     0.346     0.355     0.435     0.949    0.0871      0.53
   201/299     8.81G     0.909    0.0636     0.206      1.18        26       576     0.589     0.346     0.355     0.434     0.949    0.0869     0.528
   202/299     8.81G      0.89    0.0613      0.19      1.14        20       480     0.591     0.348     0.357     0.436     0.948    0.0868     0.523
   203/299     8.81G     0.877     0.061     0.185      1.12        29       320     0.591      0.35     0.356     0.437     0.947    0.0866     0.524
   204/299     8.81G     0.896    0.0653     0.192      1.15        38       512     0.588     0.349     0.355     0.435     0.946    0.0865     0.525
   205/299     8.81G     0.865    0.0648     0.201      1.13        17       640     0.589     0.349     0.354     0.435     0.946    0.0863     0.524
   206/299     8.81G     0.849    0.0607     0.178      1.09        42       448     0.592     0.351     0.354     0.437     0.946    0.0862     0.526
   207/299     8.81G     0.861    0.0651     0.186      1.11        15       352      0.59      0.35     0.355     0.436     0.944    0.0862     0.529
   208/299     8.81G     0.907     0.064     0.208      1.18        36       608     0.597     0.352     0.354      0.44     0.944    0.0861     0.529
   209/299     8.81G     0.895    0.0614     0.204      1.16        29       608     0.597     0.351     0.355      0.44     0.942     0.086     0.529
   210/299     8.81G     0.849    0.0617     0.188       1.1        27       448     0.596     0.351     0.355     0.439     0.942    0.0858      0.53
   211/299     8.81G      0.83     0.059     0.161      1.05        28       416     0.601     0.352     0.355     0.442     0.944    0.0857     0.532
   212/299     8.81G     0.828    0.0607     0.174      1.06        33       544     0.601     0.351     0.356      0.44     0.942    0.0856     0.532
   213/299     8.81G      0.85    0.0582      0.18      1.09        18       512     0.602     0.351     0.356     0.441     0.943    0.0854     0.532
   214/299     8.81G     0.876    0.0633      0.19      1.13        18       352     0.602     0.351     0.357     0.441     0.942    0.0853      0.53
   215/299     8.81G     0.829    0.0609      0.18      1.07        32       512       0.6     0.351     0.357     0.441     0.942     0.085      0.53
   216/299     8.81G     0.873    0.0622     0.173      1.11        18       640     0.601     0.351     0.357     0.441     0.941    0.0849     0.528
   217/299     8.81G     0.865    0.0629     0.191      1.12        21       576     0.604     0.353     0.356     0.442     0.941    0.0846     0.526
   218/299     8.81G     0.828    0.0614     0.197      1.09        18       544     0.605     0.352     0.356     0.442     0.942    0.0844     0.528
   219/299     8.81G     0.885    0.0618     0.177      1.12        42       512     0.605     0.351     0.356     0.442     0.941    0.0844     0.528
   220/299     8.81G     0.855    0.0613     0.183       1.1        16       512     0.605     0.351     0.357     0.441     0.939    0.0842     0.529
   221/299     8.81G     0.829    0.0607     0.169      1.06        24       448     0.604      0.35     0.356     0.441     0.939    0.0841     0.529
   222/299     8.81G     0.837     0.058     0.174      1.07        20       608     0.605     0.352     0.356     0.442     0.939    0.0839     0.528
   223/299     8.81G     0.838    0.0601      0.17      1.07        26       544     0.605     0.352     0.356     0.443     0.937    0.0838     0.527
   224/299     8.81G     0.821    0.0571     0.177      1.05        19       416     0.608     0.351     0.357     0.443     0.935    0.0838     0.526
   225/299     8.81G     0.846    0.0604     0.179      1.08        32       640     0.607     0.352     0.357     0.443     0.934    0.0837     0.527
   226/299     8.81G     0.839    0.0598     0.166      1.06        23       480     0.608     0.354     0.358     0.445     0.933    0.0837     0.529
   227/299     8.81G     0.845    0.0602     0.182      1.09        12       576     0.608     0.355     0.359     0.446     0.932    0.0836     0.533
   228/299     8.81G     0.829    0.0587     0.171      1.06        10       576     0.606     0.354     0.358     0.445     0.931    0.0836     0.536
   229/299     8.81G     0.822    0.0597     0.182      1.06        23       608     0.604     0.354     0.358     0.444      0.93    0.0836     0.538
   230/299     8.81G     0.843    0.0631     0.159      1.07        26       384     0.602     0.355     0.357     0.444      0.93    0.0836      0.54
   231/299     8.81G     0.835    0.0604     0.174      1.07        24       448     0.605     0.355     0.357     0.445      0.93    0.0835     0.542
   232/299     8.81G     0.814     0.061     0.173      1.05        28       320     0.603     0.355     0.357     0.445     0.929    0.0835     0.545
   233/299     8.81G     0.836    0.0635     0.171      1.07        26       384     0.605     0.356     0.357     0.445     0.929    0.0834     0.549
   234/299     8.81G     0.827    0.0616      0.19      1.08        20       544     0.605     0.355     0.357     0.445     0.929    0.0833     0.552
   235/299     8.81G     0.858     0.061     0.182       1.1        34       384     0.604     0.355     0.357     0.445     0.928    0.0832     0.554
   236/299     8.81G     0.812    0.0562     0.174      1.04        23       320     0.607     0.356     0.357     0.446     0.928    0.0831     0.554
   237/299     8.81G     0.799    0.0602     0.173      1.03        25       416     0.605     0.356     0.358     0.446     0.928     0.083     0.554
   238/299     8.81G      0.83    0.0586     0.163      1.05        11       320     0.606     0.356     0.358     0.446     0.928    0.0829     0.553
   239/299     8.81G     0.848    0.0626     0.185       1.1        24       608     0.606     0.355     0.358     0.445     0.928    0.0829     0.553
   240/299     8.81G     0.834    0.0627     0.178      1.07        37       576     0.605     0.354     0.357     0.444     0.927    0.0828     0.555
   241/299     8.81G     0.834    0.0581     0.178      1.07        23       640     0.606     0.354     0.356     0.444     0.927    0.0828     0.557
   242/299     8.81G     0.835    0.0604     0.166      1.06        23       480     0.605     0.354     0.356     0.444     0.927    0.0828     0.558
   243/299     8.81G     0.825    0.0587     0.179      1.06        19       544     0.603     0.353     0.356     0.443     0.927    0.0827     0.559
   244/299     8.81G      0.83    0.0586     0.162      1.05        14       640     0.606     0.353     0.356     0.444     0.927    0.0826     0.559
   245/299     8.81G     0.822    0.0604     0.161      1.04        15       608     0.608     0.354     0.357     0.445     0.928    0.0825      0.56
   246/299     8.81G     0.819    0.0633     0.174      1.06        18       640     0.607     0.355     0.356     0.445     0.927    0.0825      0.56
   247/299     8.81G     0.805    0.0595     0.177      1.04         7       544     0.604     0.355     0.356     0.444     0.927    0.0824     0.561
   248/299     8.81G     0.867    0.0648     0.178      1.11        19       480     0.602     0.354     0.356     0.443     0.927    0.0824     0.561
   249/299     8.81G     0.803    0.0589     0.153      1.01        19       320       0.6     0.354     0.357     0.443     0.927    0.0823     0.561
   250/299     8.81G     0.809    0.0543     0.162      1.03        24       416     0.602     0.355     0.357     0.444     0.927    0.0822     0.561
   251/299     8.81G     0.805     0.057     0.162      1.02        23       448     0.601     0.355     0.357     0.444     0.927    0.0821      0.56
   252/299     8.81G     0.801    0.0586     0.143         1        33       544     0.603     0.356     0.358     0.445     0.926    0.0821      0.56
   253/299     8.81G     0.789    0.0595     0.149     0.998        14       320     0.602     0.356     0.358     0.445     0.926     0.082      0.56
   254/299     8.81G     0.817    0.0597     0.166      1.04        24       480     0.602     0.356     0.359     0.445     0.926     0.082      0.56
   255/299     8.81G     0.819    0.0582     0.163      1.04        30       640     0.603     0.357     0.359     0.446     0.925    0.0819     0.561
   256/299     8.81G      0.81    0.0615     0.164      1.04        35       416     0.603     0.357     0.358     0.446     0.925    0.0818     0.561
   257/299     8.81G     0.793    0.0597     0.177      1.03        17       352     0.604     0.357     0.358     0.446     0.925    0.0818     0.561
   258/299     8.81G     0.816     0.059     0.182      1.06        19       320     0.604     0.357     0.358     0.446     0.925    0.0817     0.561
   259/299     8.81G     0.824    0.0611      0.17      1.05        27       480     0.603     0.357     0.358     0.446     0.924    0.0816      0.56
   260/299     8.81G     0.813    0.0599     0.158      1.03        16       480     0.604     0.356     0.358     0.446     0.924    0.0816      0.56
   261/299     8.81G     0.789    0.0568     0.151     0.997        22       448     0.604     0.357     0.358     0.446     0.923    0.0815     0.559
   262/299     8.81G     0.784    0.0598     0.151     0.994        24       544     0.605     0.357     0.358     0.446     0.923    0.0815     0.558
   263/299     8.81G     0.773     0.058     0.142     0.973        27       608     0.606     0.357     0.358     0.447     0.923    0.0814     0.558
   264/299     8.81G     0.773    0.0618     0.145     0.981        30       608     0.606     0.357     0.358     0.447     0.923    0.0814     0.558
   265/299     8.81G     0.777    0.0572     0.162     0.996        15       640     0.605     0.356     0.359     0.446     0.923    0.0813     0.557
   266/299     8.81G     0.805     0.059     0.154      1.02        20       544     0.605     0.356     0.359     0.446     0.923    0.0813     0.558
   267/299     8.81G     0.816    0.0623     0.165      1.04        17       640     0.605     0.356     0.359     0.446     0.923    0.0812     0.558
   268/299     8.81G     0.777    0.0589     0.156     0.992        17       608     0.606     0.356     0.359     0.446     0.923    0.0811     0.558
   269/299     8.81G     0.776    0.0603     0.152     0.988        25       640     0.607     0.356     0.359     0.447     0.922    0.0811     0.559
   270/299     8.81G     0.806    0.0574      0.16      1.02        22       608     0.605     0.356     0.359     0.446     0.922     0.081     0.559
   271/299     8.81G     0.792      0.06     0.161      1.01        25       576     0.604     0.356     0.359     0.445     0.922     0.081     0.559
   272/299     8.81G     0.813    0.0603     0.156      1.03        25       512     0.604     0.356     0.359     0.445     0.922    0.0809     0.559
   273/299     8.81G     0.781    0.0589     0.165         1        20       480     0.605     0.356     0.359     0.446     0.922    0.0809      0.56
   274/299     8.81G     0.767    0.0583     0.147     0.972        16       608     0.605     0.356     0.359     0.446     0.922    0.0808      0.56
   275/299     8.81G     0.783    0.0577      0.16         1        31       352     0.605     0.356     0.359     0.446     0.921    0.0807      0.56
   276/299     8.81G     0.772    0.0575     0.145     0.974        13       576     0.605     0.356     0.359     0.445     0.921    0.0807     0.561
   277/299     8.81G     0.782      0.06     0.159         1        23       320     0.605     0.356     0.359     0.446     0.921    0.0806     0.561
   278/299     8.81G     0.761    0.0589     0.147     0.967        17       480     0.605     0.356     0.359     0.446     0.921    0.0806     0.561
   279/299     8.81G     0.807    0.0607     0.154      1.02        24       384     0.606     0.356     0.359     0.446     0.921    0.0805     0.561
   280/299     8.81G     0.751    0.0592     0.146     0.956        33       608     0.606     0.356     0.359     0.446     0.921    0.0805     0.561
   281/299     8.81G      0.79    0.0595     0.157      1.01        26       480     0.606     0.355     0.358     0.446     0.921    0.0805     0.562
   282/299     8.81G     0.761    0.0581     0.164     0.982        19       544     0.605     0.355     0.358     0.445     0.921    0.0804     0.563
   283/299     8.81G     0.794    0.0605      0.15      1.01        28       416     0.605     0.355     0.358     0.446     0.921    0.0804     0.563
   284/299     8.81G     0.793    0.0581     0.151         1        33       576     0.606     0.355     0.358     0.445     0.921    0.0803     0.563
   285/299     8.81G     0.794    0.0591     0.145     0.998        22       576     0.605     0.355     0.358     0.445     0.921    0.0803     0.563
   286/299     8.81G     0.825    0.0604     0.164      1.05        17       480     0.604     0.355     0.358     0.445     0.921    0.0802     0.564
   287/299     8.81G     0.822    0.0602     0.159      1.04        21       608     0.604     0.355     0.358     0.445     0.921    0.0802     0.564
   288/299     8.81G     0.784    0.0566     0.174      1.01        23       512     0.603     0.355     0.358     0.445     0.921    0.0802     0.564
   289/299     8.81G     0.789    0.0593     0.165      1.01        20       416     0.604     0.355     0.359     0.445      0.92    0.0801     0.564
   290/299     8.81G     0.791    0.0596     0.146     0.997        22       608     0.605     0.356     0.359     0.446      0.92    0.0801     0.564
   291/299     8.81G     0.812    0.0602     0.154      1.03        18       640     0.604     0.356     0.359     0.445      0.92      0.08     0.564
   292/299     8.81G     0.793    0.0582      0.17      1.02        18       576     0.603     0.356     0.359     0.445      0.92      0.08     0.565
   293/299     8.81G     0.774    0.0581     0.149     0.981        23       384     0.603     0.356     0.359     0.445      0.92      0.08     0.565
   294/299     8.81G     0.756    0.0581     0.142     0.956        32       512     0.603     0.355     0.359     0.445      0.92    0.0799     0.565
   295/299     8.81G     0.763    0.0567      0.15      0.97        23       448     0.602     0.356     0.358     0.445      0.92    0.0799     0.565
   296/299     8.81G     0.786    0.0598     0.157         1        22       448     0.602     0.355     0.358     0.444     0.919    0.0799     0.565
   297/299     8.81G     0.795    0.0607     0.156      1.01        21       416     0.602     0.355     0.358     0.444     0.919    0.0798     0.565
   298/299     8.81G      0.77     0.058     0.141     0.969        23       608     0.602     0.355     0.358     0.444     0.919    0.0798     0.565
   299/299     8.81G     0.752    0.0574     0.162     0.971        24       320     0.602     0.355     0.359     0.444     0.919    0.0798     0.565
