0 0.43403205918618987 0.6421725239616614 0.006165228113440197 0.01597444089456869
6 0.43403205918618987 0.6597444089456869 0.006165228113440197 0.01597444089456869
5 0.4867447595561036 0.6853035143769968 0.0030826140567200987 0.007987220447284345
5 0.4867447595561036 0.6972843450479234 0.0030826140567200987 0.007987220447284345
0 0.43403205918618987 0.6421725239616614 0.006165228113440197 0.01597444089456869
6 0.4337237977805179 0.6605431309904153 0.005548705302096177 0.01437699680511182
5 0.4867447595561036 0.6956869009584664 0.0030826140567200987 0.007987220447284345
5 0.4867447595561036 0.6876996805111821 0.0030826140567200987 0.007987220447284345
0 0.4343403205918619 0.6437699680511182 0.005548705302096177 0.01437699680511182
6 0.4337237977805179 0.6605431309904153 0.005548705302096177 0.01437699680511182
5 0.4867447595561036 0.6972843450479234 0.0030826140567200987 0.007987220447284345
5 0.4867447595561036 0.6876996805111821 0.0030826140567200987 0.007987220447284345
