2 0.6365598027127004 0.31549520766773165 0.005548705302096177 0.01437699680511182
4 0.4599260172626387 0.038338658146964855 0.009864364981504316 0.025559105431309903
4 0.3150431565967941 0.26118210862619806 0.0036991368680641184 0.009584664536741214
2 0.561035758323058 0.2268370607028754 0.0036991368680641184 0.009584664536741214
4 0.6310110974106042 0.3218849840255591 0.0030826140567200987 0.007987220447284345
2 0.6371763255240444 0.3146964856230032 0.005548705302096177 0.01437699680511182
4 0.6307028360049322 0.3218849840255591 0.002466091245376079 0.006389776357827476
2 0.5604192355117139 0.2268370607028754 0.0036991368680641184 0.009584664536741214
4 0.3147348951911221 0.26118210862619806 0.004315659679408138 0.011182108626198083
4 0.4599260172626387 0.039936102236421724 0.009864364981504316 0.025559105431309903
