6 0.6781750924784217 0.5431309904153354 0.007398273736128237 0.019169329073482427
5 0.686189889025894 0.5463258785942492 0.006165228113440197 0.01597444089456869
5 0.6938964241676943 0.5463258785942492 0.006781750924784217 0.01757188498402556
5 0.7022194821208385 0.5463258785942492 0.007398273736128237 0.019169329073482427
5 0.685881627620222 0.5463258785942492 0.006781750924784217 0.01757188498402556
5 0.6935881627620222 0.5463258785942492 0.006165228113440197 0.01597444089456869
5 0.7019112207151664 0.5471246006389776 0.006781750924784217 0.01757188498402556
5 0.6855733662145499 0.5463258785942492 0.006165228113440197 0.01597444089456869
5 0.6935881627620222 0.5455271565495208 0.006165228113440197 0.01597444089456869
5 0.7019112207151664 0.5463258785942492 0.008014796547472256 0.020766773162939296
