2 0.4815043156596794 0.40654952076677314 0.009864364981504316 0.025559105431309903
5 0.4818125770653514 0.4528753993610224 0.008014796547472256 0.020766773162939296
2 0.48057953144266335 0.4049520766773163 0.010480887792848335 0.027156549520766772
5 0.4811960542540074 0.4520766773162939 0.009247842170160296 0.023961661341853034
2 0.4808877928483354 0.4057507987220447 0.011097410604192354 0.02875399361022364
5 0.4815043156596794 0.4520766773162939 0.008631319358816275 0.022364217252396165
2 0.4808877928483354 0.4057507987220447 0.009864364981504316 0.025559105431309903
5 0.4811960542540074 0.4520766773162939 0.008014796547472256 0.020766773162939296
2 0.4808877928483354 0.40654952076677314 0.009864364981504316 0.025559105431309903
5 0.4815043156596794 0.4520766773162939 0.008631319358816275 0.022364217252396165
2 0.4811960542540074 0.4057507987220447 0.009247842170160296 0.023961661341853034
5 0.4811960542540074 0.4512779552715655 0.008014796547472256 0.020766773162939296
