0 0.41646115906288533 0.5998402555910544 0.0030826140567200987 0.007987220447284345
6 0.41584463625154133 0.6094249201277955 0.0030826140567200987 0.007987220447284345
0 0.41646115906288533 0.6014376996805112 0.0030826140567200987 0.007987220447284345
6 0.4161528976572133 0.6110223642172524 0.002466091245376079 0.006389776357827476
0 0.41646115906288533 0.6014376996805112 0.0030826140567200987 0.007987220447284345
6 0.41646115906288533 0.6110223642172524 0.0030826140567200987 0.007987220447284345
0 0.41646115906288533 0.5998402555910544 0.0030826140567200987 0.007987220447284345
6 0.41646115906288533 0.6094249201277955 0.0030826140567200987 0.007987220447284345
0 0.41646115906288533 0.5998402555910544 0.0030826140567200987 0.007987220447284345
6 0.41584463625154133 0.610223642172524 0.0030826140567200987 0.007987220447284345
