3 0.5422318125770653 0.48722044728434505 0.008014796547472256 0.020766773162939296
3 0.529901356350185 0.481629392971246 0.009247842170160296 0.023961661341853034
3 0.5178791615289766 0.476038338658147 0.008631319358816275 0.022364217252396165
5 0.4759556103575832 0.5151757188498403 0.008631319358816275 0.022364217252396165
3 0.5178791615289766 0.476038338658147 0.008631319358816275 0.022364217252396165
3 0.5295930949445129 0.48083067092651754 0.008631319358816275 0.022364217252396165
3 0.5419235511713933 0.48642172523961663 0.008631319358816275 0.022364217252396165
5 0.47564734895191124 0.5159744408945687 0.009247842170160296 0.023961661341853034
5 0.4759556103575832 0.5159744408945687 0.009864364981504316 0.025559105431309903
3 0.5175709001233045 0.4752396166134185 0.009247842170160296 0.023961661341853034
3 0.5295930949445129 0.48083067092651754 0.008631319358816275 0.022364217252396165
3 0.5422318125770653 0.48642172523961663 0.009247842170160296 0.023961661341853034
