6 0.42971639950678175 0.5702875399361023 0.030826140567200986 0.07987220447284345
1 0.43988902589395806 0.6054313099041534 0.005548705302096177 0.01437699680511182
0 0.3061035758323058 0.542332268370607 0.004315659679408138 0.011182108626198083
6 0.3061035758323058 0.555111821086262 0.004315659679408138 0.011182108626198083
1 0.3927250308261406 0.5638977635782748 0.0036991368680641184 0.009584664536741214
6 0.4300246609124538 0.5726837060702875 0.028976572133168926 0.07507987220447285
1 0.4401972872996301 0.604632587859425 0.004932182490752158 0.012779552715654952
0 0.3061035758323058 0.5439297124600639 0.004315659679408138 0.011182108626198083
6 0.3054870530209618 0.5559105431309904 0.004315659679408138 0.011182108626198083
6 0.43033292231812575 0.5702875399361023 0.030826140567200986 0.07987220447284345
0 0.3061035758323058 0.5415335463258786 0.004315659679408138 0.011182108626198083
6 0.3061035758323058 0.5543130990415336 0.004315659679408138 0.011182108626198083
