3 0.6781750924784217 0.2715654952076677 0.02096177558569667 0.054313099041533544
3 0.7053020961775586 0.2827476038338658 0.01972872996300863 0.051118210862619806
3 0.7315043156596794 0.2963258785942492 0.017879161528976572 0.0463258785942492
3 0.6772503082614056 0.2707667731629393 0.02281134401972873 0.05910543130990415
3 0.7059186189889026 0.2787539936102236 0.02219482120838471 0.05750798722044728
3 0.7305795314426634 0.2915335463258786 0.02096177558569667 0.054313099041533544
3 0.6781750924784217 0.2715654952076677 0.02096177558569667 0.054313099041533544
3 0.7053020961775586 0.2827476038338658 0.01972872996300863 0.051118210862619806
3 0.7308877928483354 0.29472843450479236 0.01911220715166461 0.04952076677316294
3 0.6772503082614056 0.2723642172523962 0.02281134401972873 0.05910543130990415
3 0.7056103575832305 0.2827476038338658 0.020345252774352653 0.052715654952076675
3 0.7311960542540074 0.2963258785942492 0.01726263871763255 0.04472843450479233
