1 0.3064118372379778 0.5638977635782748 0.004932182490752158 0.012779552715654952
4 0.3064118372379778 0.5782747603833865 0.004932182490752158 0.012779552715654952
5 0.30733662145499385 0.5934504792332268 0.005548705302096177 0.01437699680511182
0 0.37330456226880393 0.5838658146964856 0.004315659679408138 0.011182108626198083
6 0.37330456226880393 0.5990415335463258 0.004315659679408138 0.011182108626198083
4 0.42909987669543775 0.5519169329073482 0.0036991368680641184 0.009584664536741214
4 0.4346485819975339 0.5511182108626198 0.0036991368680641184 0.009584664536741214
4 0.4395807644882861 0.5511182108626198 0.0036991368680641184 0.009584664536741214
1 0.49599260172626386 0.5806709265175719 0.004315659679408138 0.011182108626198083
2 0.4963008631319359 0.5926517571884984 0.0036991368680641184 0.009584664536741214
5 0.5089395807644883 0.5934504792332268 0.0030826140567200987 0.007987220447284345
