5 0.9713316892725031 0.1573482428115016 0.010480887792848335 0.027156549520766772
2 0.968557336621455 0.1781150159744409 0.009864364981504316 0.025559105431309903
4 0.9408138101109741 0.07188498402555911 0.011097410604192354 0.02875399361022364
4 0.937731196054254 0.09424920127795527 0.011097410604192354 0.02875399361022364
4 0.9506781750924784 0.09185303514376997 0.011097410604192354 0.02875399361022364
4 0.9534525277435265 0.06869009584664537 0.011713933415536375 0.03035143769968051
4 0.9657829839704068 0.06789137380191693 0.011713933415536375 0.03035143769968051
4 0.9799630086313194 0.06549520766773163 0.011713933415536375 0.03035143769968051
4 0.9765721331689272 0.08945686900958466 0.011097410604192354 0.02875399361022364
4 0.9630086313193588 0.09105431309904154 0.011097410604192354 0.02875399361022364
2 0.968865598027127 0.17891373801916932 0.010480887792848335 0.027156549520766772
5 0.971023427866831 0.1573482428115016 0.009864364981504316 0.025559105431309903
4 0.9759556103575833 0.08945686900958466 0.011097410604192354 0.02875399361022364
4 0.9790382244143033 0.06549520766773163 0.011097410604192354 0.02875399361022364
4 0.9657829839704068 0.0670926517571885 0.011713933415536375 0.03035143769968051
4 0.9534525277435265 0.06869009584664537 0.010480887792848335 0.027156549520766772
4 0.9405055487053021 0.07188498402555911 0.010480887792848335 0.027156549520766772
4 0.938039457459926 0.09345047923322684 0.010480887792848335 0.027156549520766772
4 0.9503699136868065 0.0926517571884984 0.010480887792848335 0.027156549520766772
4 0.9633168927250308 0.09105431309904154 0.011713933415536375 0.03035143769968051
