1 0.5665844636251541 0.6405750798722045 0.007398273736128237 0.019169329073482427
3 0.5699753390875463 0.7108626198083067 0.009247842170160296 0.023961661341853034
4 0.5705918618988902 0.6861022364217252 0.008014796547472256 0.020766773162939296
4 0.5665844636251541 0.6629392971246006 0.007398273736128237 0.019169329073482427
1 0.80980271270037 0.7571884984025559 0.008014796547472256 0.020766773162939296
3 0.5699753390875463 0.7092651757188498 0.006781750924784217 0.01757188498402556
3 0.5662762022194822 0.6629392971246006 0.006781750924784217 0.01757188498402556
1 0.5665844636251541 0.6429712460063898 0.007398273736128237 0.019169329073482427
4 0.5702836004932182 0.6861022364217252 0.007398273736128237 0.019169329073482427
1 0.8088779284833539 0.7587859424920128 0.006165228113440197 0.01597444089456869
