3 0.33939580764488286 0.43210862619808305 0.008014796547472256 0.020766773162939296
4 0.34001233045622686 0.41054313099041534 0.008014796547472256 0.020766773162939296
1 0.35388409371146734 0.3730031948881789 0.006165228113440197 0.01597444089456869
3 0.3532675709001233 0.38977635782747605 0.006165228113440197 0.01597444089456869
4 0.43403205918618987 0.43929712460063897 0.004932182490752158 0.012779552715654952
1 0.4257090012330456 0.4528753993610224 0.0030826140567200987 0.007987220447284345
3 0.34001233045622686 0.43130990415335463 0.008014796547472256 0.020766773162939296
4 0.3397040690505549 0.4097444089456869 0.008631319358816275 0.022364217252396165
1 0.3535758323057953 0.3722044728434505 0.005548705302096177 0.01437699680511182
3 0.3532675709001233 0.38977635782747605 0.006165228113440197 0.01597444089456869
1 0.4257090012330456 0.4512779552715655 0.0030826140567200987 0.007987220447284345
4 0.43403205918618987 0.43929712460063897 0.004932182490752158 0.012779552715654952
