5 0.5841553637484587 0.2971246006389776 0.047472256473489516 0.12300319488817892
1 0.5872379778051788 0.1389776357827476 0.06103575832305795 0.15814696485623003
4 0.40567200986436497 0.38258785942492013 0.008631319358816275 0.022364217252396165
4 0.3689889025893958 0.37859424920127793 0.008014796547472256 0.020766773162939296
4 0.3301479654747226 0.3753993610223642 0.009247842170160296 0.023961661341853034
1 0.5878545006165228 0.14057507987220447 0.06350184956843404 0.1645367412140575
5 0.5844636251541308 0.2963258785942492 0.0468557336621455 0.12140575079872204
4 0.33045622688039455 0.3753993610223642 0.009864364981504316 0.025559105431309903
4 0.3686806411837238 0.3793929712460064 0.008631319358816275 0.022364217252396165
4 0.405980271270037 0.3817891373801917 0.008014796547472256 0.020766773162939296
