0 0.81288532675709 0.19968051118210864 0.008014796547472256 0.020766773162939296
6 0.811652281134402 0.21565495207667731 0.008014796547472256 0.020766773162939296
5 0.9485203452527744 0.21485623003194887 0.02157829839704069 0.05591054313099041
5 0.9482120838471023 0.21485623003194887 0.02096177558569667 0.054313099041533544
5 0.8871763255240444 0.2220447284345048 0.007398273736128237 0.019169329073482427
0 0.81288532675709 0.1988817891373802 0.008014796547472256 0.020766773162939296
6 0.811652281134402 0.21645367412140576 0.006781750924784217 0.01757188498402556
0 0.812577065351418 0.1988817891373802 0.007398273736128237 0.019169329073482427
6 0.811960542540074 0.21485623003194887 0.007398273736128237 0.019169329073482427
5 0.9485203452527744 0.21645367412140576 0.02281134401972873 0.05910543130990415
5 0.8871763255240444 0.22364217252396165 0.007398273736128237 0.019169329073482427
