4 0.3471023427866831 0.6238019169329073 0.014796547472256474 0.038338658146964855
4 0.34432799013563503 0.6677316293929713 0.016646115906288533 0.04313099041533546
3 0.6470406905055487 0.6996805111821086 0.009247842170160296 0.023961661341853034
4 0.7614056720098644 0.652555910543131 0.02342786683107275 0.06070287539936102
4 0.7598643649815043 0.6062300319488818 0.02281134401972873 0.05910543130990415
4 0.7614056720098644 0.6549520766773163 0.02219482120838471 0.05750798722044728
4 0.7592478421701603 0.6054313099041534 0.02157829839704069 0.05591054313099041
4 0.344636251541307 0.6677316293929713 0.014796547472256474 0.038338658146964855
4 0.34648581997533906 0.6238019169329073 0.013563501849568433 0.03514376996805112
3 0.6473489519112207 0.7012779552715654 0.008631319358816275 0.022364217252396165
