4 0.40197287299630086 0.20766773162939298 0.036991368680641186 0.09584664536741214
4 0.4445129469790382 0.19968051118210864 0.03822441430332922 0.09904153354632587
3 0.39180024660912455 0.06869009584664537 0.015413070283600493 0.039936102236421724
3 0.4213933415536375 0.06070287539936102 0.015413070283600493 0.039936102236421724
3 0.4519112207151665 0.051118210862619806 0.01726263871763255 0.04472843450479233
3 0.4519112207151665 0.051916932907348244 0.016029593094944512 0.04153354632587859
3 0.4210850801479655 0.06070287539936102 0.014796547472256474 0.038338658146964855
3 0.3908754623921085 0.0694888178913738 0.014796547472256474 0.038338658146964855
4 0.4445129469790382 0.19968051118210864 0.036991368680641186 0.09584664536741214
4 0.40135635018495686 0.20926517571884984 0.035758323057953144 0.0926517571884984
4 0.40197287299630086 0.2108626198083067 0.035758323057953144 0.0926517571884984
4 0.4445129469790382 0.1988817891373802 0.03822441430332922 0.09904153354632587
3 0.3911837237977805 0.06869009584664537 0.015413070283600493 0.039936102236421724
3 0.4213933415536375 0.05910543130990415 0.015413070283600493 0.039936102236421724
3 0.45221948212083846 0.051118210862619806 0.016646115906288533 0.04313099041533546
3 0.45160295930949446 0.051916932907348244 0.015413070283600493 0.039936102236421724
3 0.4210850801479655 0.06070287539936102 0.014796547472256474 0.038338658146964855
3 0.3911837237977805 0.06869009584664537 0.014180024660912454 0.036741214057507986
4 0.4432799013563502 0.1988817891373802 0.036991368680641186 0.09584664536741214
4 0.40166461159062883 0.21006389776357828 0.03514180024660912 0.09105431309904154
