4 0.5040073982737361 0.46006389776357826 0.011713933415536375 0.03035143769968051
4 0.5181874229346486 0.45766773162939295 0.011713933415536375 0.03035143769968051
3 0.49969173859432797 0.41373801916932906 0.004315659679408138 0.011182108626198083
3 0.5095561035758323 0.41214057507987223 0.004315659679408138 0.011182108626198083
3 0.5194204685573366 0.41134185303514376 0.004315659679408138 0.011182108626198083
4 0.5040073982737361 0.45926517571884984 0.011713933415536375 0.03035143769968051
4 0.5178791615289766 0.45766773162939295 0.012330456226880395 0.03194888178913738
3 0.5 0.41214057507987223 0.004932182490752158 0.012779552715654952
3 0.5095561035758323 0.41134185303514376 0.004315659679408138 0.011182108626198083
3 0.5203452527743526 0.41054313099041534 0.004932182490752158 0.012779552715654952
