1 0.2373612823674476 0.5471246006389776 0.008631319358816275 0.022364217252396165
3 0.2373612823674476 0.5718849840255591 0.008631319358816275 0.022364217252396165
5 0.2379778051787916 0.5926517571884984 0.008631319358816275 0.022364217252396165
0 0.33353884093711467 0.5782747603833865 0.007398273736128237 0.019169329073482427
6 0.33323057953144264 0.5990415335463258 0.008014796547472256 0.020766773162939296
3 0.4241676942046856 0.5279552715654952 0.004932182490752158 0.012779552715654952
3 0.43187422934648584 0.5271565495207667 0.005548705302096177 0.01437699680511182
3 0.4401972872996301 0.5255591054313099 0.006165228113440197 0.01597444089456869
1 0.5246609124537608 0.5702875399361023 0.006165228113440197 0.01597444089456869
4 0.5249691738594328 0.5902555910543131 0.006781750924784217 0.01757188498402556
5 0.5520961775585697 0.5894568690095847 0.005548705302096177 0.01437699680511182
3 0.6723181257706535 0.5750798722044729 0.008014796547472256 0.020766773162939296
