0 0.2876078914919852 0.12779552715654952 0.010480887792848335 0.027156549520766772
6 0.28914919852034526 0.15495207667731628 0.011097410604192354 0.02875399361022364
1 0.41122071516646114 0.20686900958466453 0.007398273736128237 0.019169329073482427
3 0.38255240443896427 0.10303514376996806 0.005548705302096177 0.01437699680511182
3 0.38933415536374844 0.10303514376996806 0.005548705302096177 0.01437699680511182
3 0.3970406905055487 0.10383386581469649 0.006165228113440197 0.01597444089456869
0 0.2876078914919852 0.1269968051118211 0.010480887792848335 0.027156549520766772
6 0.28914919852034526 0.15575079872204473 0.011097410604192354 0.02875399361022364
1 0.41152897657213316 0.20686900958466453 0.006781750924784217 0.01757188498402556
3 0.3819358816276202 0.10383386581469649 0.005548705302096177 0.01437699680511182
3 0.38902589395807646 0.10303514376996806 0.004932182490752158 0.012779552715654952
3 0.3967324290998767 0.10543130990415335 0.005548705302096177 0.01437699680511182
