0 0.2943896424167694 0.5678913738019169 0.010480887792848335 0.027156549520766772
6 0.2937731196054254 0.5966453674121406 0.011713933415536375 0.03035143769968051
5 0.17355117139334156 0.5902555910543131 0.011713933415536375 0.03035143769968051
3 0.17355117139334156 0.5623003194888179 0.012946979038224414 0.03354632587859425
1 0.1723181257706535 0.5303514376996805 0.011713933415536375 0.03035143769968051
3 0.42016029593094945 0.5039936102236422 0.008014796547472256 0.020766773162939296
3 0.43033292231812575 0.5031948881789138 0.008631319358816275 0.022364217252396165
3 0.4408138101109741 0.5015974440894568 0.008631319358816275 0.022364217252396165
1 0.5514796547472256 0.5615015974440895 0.008014796547472256 0.020766773162939296
3 0.5517879161528977 0.5854632587859425 0.008631319358816275 0.022364217252396165
5 0.5998766954377311 0.5838658146964856 0.008631319358816275 0.022364217252396165
4 0.938347718865598 0.5487220447284346 0.03822441430332922 0.09904153354632587
