1 0.5733662145499383 0.5359424920127795 0.02342786683107275 0.06070287539936102
4 0.501233045622688 0.5519169329073482 0.016029593094944512 0.04153354632587859
1 0.7987053020961775 0.6206070287539937 0.011713933415536375 0.03035143769968051
4 0.9744143033292232 0.5926517571884984 0.010480887792848335 0.027156549520766772
4 0.9870530209617756 0.5934504792332268 0.011097410604192354 0.02875399361022364
3 0.33908754623921084 0.4776357827476038 0.011097410604192354 0.02875399361022364
3 0.38964241676942046 0.48482428115015974 0.009864364981504316 0.025559105431309903
3 0.4503699136868064 0.476038338658147 0.005548705302096177 0.01437699680511182
0 0.06041923551171394 0.4544728434504792 0.035758323057953144 0.0926517571884984
6 0.057644882860665846 0.5319488817891374 0.03514180024660912 0.09105431309904154
