0 0.3033292231812577 0.7044728434504792 0.014796547472256474 0.038338658146964855
6 0.3017879161528977 0.7476038338658147 0.015413070283600493 0.039936102236421724
3 0.437422934648582 0.6789137380191693 0.006781750924784217 0.01757188498402556
3 0.47657213316892727 0.6789137380191693 0.007398273736128237 0.019169329073482427
3 0.5212700369913686 0.7036741214057508 0.005548705302096177 0.01437699680511182
4 0.5644266337854501 0.744408945686901 0.010480887792848335 0.027156549520766772
1 0.5644266337854501 0.7156549520766773 0.010480887792848335 0.027156549520766772
3 0.5878545006165228 0.7044728434504792 0.005548705302096177 0.01437699680511182
1 0.6717016029593095 0.7731629392971247 0.011713933415536375 0.03035143769968051
5 0.5977188655980271 0.7859424920127795 0.006781750924784217 0.01757188498402556
