6 0.344636251541307 0.689297124600639 0.01726263871763255 0.04472843450479233
1 0.7866831072749692 0.7563897763578274 0.007398273736128237 0.019169329073482427
3 0.7361282367447596 0.7507987220447284 0.011097410604192354 0.02875399361022364
4 0.7348951911220715 0.7260383386581469 0.011097410604192354 0.02875399361022364
1 0.719790382244143 0.6621405750798722 0.008014796547472256 0.020766773162939296
3 0.720098643649815 0.6845047923322684 0.009864364981504316 0.025559105431309903
3 0.7869913686806412 0.7723642172523961 0.006781750924784217 0.01757188498402556
3 0.6316276202219482 0.7284345047923323 0.010480887792848335 0.027156549520766772
4 0.6310110974106042 0.7028753993610224 0.010480887792848335 0.027156549520766772
3 0.626078914919852 0.6613418530351438 0.010480887792848335 0.027156549520766772
1 0.625154130702836 0.6349840255591054 0.009864364981504316 0.025559105431309903
