2 0.08076448828606658 0.40415335463258784 0.036991368680641186 0.09584664536741214
0 0.3162762022194821 0.5159744408945687 0.006165228113440197 0.01597444089456869
6 0.31720098643649813 0.5319488817891374 0.006781750924784217 0.01757188498402556
4 0.375154130702836 0.5103833865814696 0.0030826140567200987 0.007987220447284345
4 0.37946979038224415 0.5119808306709265 0.0030826140567200987 0.007987220447284345
4 0.3844019728729963 0.5103833865814696 0.0030826140567200987 0.007987220447284345
0 0.5702836004932182 0.5151757188498403 0.004932182490752158 0.012779552715654952
6 0.5699753390875463 0.5383386581469649 0.004315659679408138 0.011182108626198083
1 0.3927250308261406 0.5774760383386581 0.004932182490752158 0.012779552715654952
4 0.14889025893958077 0.5623003194888179 0.005548705302096177 0.01437699680511182
4 0.155980271270037 0.5630990415335463 0.006165228113440197 0.01597444089456869
4 0.6177558569667078 0.4464856230031949 0.008631319358816275 0.022364217252396165
