2 0.6384093711467325 0.1900958466453674 0.03390875462392109 0.0878594249201278
2 0.11035758323057954 0.02875399361022364 0.02342786683107275 0.06070287539936102
0 0.0376078914919852 0.16932907348242812 0.008631319358816275 0.022364217252396165
6 0.038532675709001235 0.19089456869009586 0.008014796547472256 0.020766773162939296
0 0.30795314426633785 0.16134185303514376 0.006781750924784217 0.01757188498402556
6 0.3091861898890259 0.1781150159744409 0.006781750924784217 0.01757188498402556
1 0.38902589395807646 0.20766773162939298 0.006165228113440197 0.01597444089456869
3 0.36775585696670776 0.13817891373801916 0.0030826140567200987 0.007987220447284345
3 0.37268803945745993 0.1389776357827476 0.0030826140567200987 0.007987220447284345
3 0.37792848335388407 0.1389776357827476 0.0036991368680641184 0.009584664536741214
