5 0.6177558569667078 0.652555910543131 0.0036991368680641184 0.009584664536741214
5 0.6177558569667078 0.6621405750798722 0.0036991368680641184 0.009584664536741214
5 0.6131319358816276 0.646964856230032 0.004315659679408138 0.011182108626198083
5 0.6131319358816276 0.65814696485623 0.004315659679408138 0.011182108626198083
4 0.02342786683107275 0.6613418530351438 0.014796547472256474 0.038338658146964855
4 0.02342786683107275 0.6629392971246006 0.013563501849568433 0.03514376996805112
5 0.6131319358816276 0.6461661341853036 0.004315659679408138 0.011182108626198083
5 0.6131319358816276 0.65814696485623 0.004315659679408138 0.011182108626198083
5 0.6171393341553637 0.6533546325878594 0.002466091245376079 0.006389776357827476
5 0.6177558569667078 0.6621405750798722 0.0036991368680641184 0.009584664536741214
