0 0.4306411837237978 0.4193290734824281 0.005548705302096177 0.01437699680511182
6 0.4306411837237978 0.4353035143769968 0.005548705302096177 0.01437699680511182
3 0.688039457459926 0.3706070287539936 0.008631319358816275 0.022364217252396165
1 0.6886559802712701 0.3985623003194888 0.011097410604192354 0.02875399361022364
4 0.6649198520345253 0.4145367412140575 0.008014796547472256 0.020766773162939296
4 0.9494451294697904 0.28753993610223644 0.016029593094944512 0.04153354632587859
1 0.9475955610357584 0.3546325878594249 0.016029593094944512 0.04153354632587859
4 0.5712083847102343 0.4049520766773163 0.005548705302096177 0.01437699680511182
4 0.5715166461159062 0.420926517571885 0.006165228113440197 0.01597444089456869
1 0.5712083847102343 0.4464856230031949 0.005548705302096177 0.01437699680511182
