0 0.43310727496917384 0.43370607028753994 0.006781750924784217 0.01757188498402556
6 0.43310727496917384 0.4544728434504792 0.008014796547472256 0.020766773162939296
4 0.5761405672009864 0.426517571884984 0.009247842170160296 0.023961661341853034
3 0.5579531442663379 0.43849840255591055 0.007398273736128237 0.019169329073482427
0 0.35758323057953145 0.3913738019169329 0.006165228113440197 0.01597444089456869
0 0.3847102342786683 0.3913738019169329 0.006165228113440197 0.01597444089456869
0 0.4127620221948212 0.39456869009584666 0.005548705302096177 0.01437699680511182
0 0.31720098643649813 0.3865814696485623 0.006781750924784217 0.01757188498402556
0 0.20160295930949446 0.3753993610223642 0.006165228113440197 0.01597444089456869
0 0.22718865598027127 0.3777955271565495 0.006781750924784217 0.01757188498402556
0 0.25986436498150434 0.3817891373801917 0.006781750924784217 0.01757188498402556
0 0.2561652281134402 0.4241214057507987 0.008014796547472256 0.020766773162939296
4 0.5086313193588162 0.4424920127795527 0.004932182490752158 0.012779552715654952
4 0.5086313193588162 0.426517571884984 0.006165228113440197 0.01597444089456869
4 0.4753390875462392 0.4273162939297125 0.004932182490752158 0.012779552715654952
