1 0.40474722564734894 0.29073482428115016 0.017879161528976572 0.0463258785942492
4 0.4032059186189889 0.34105431309904155 0.01726263871763255 0.04472843450479233
3 0.5336004932182491 0.10303514376996806 0.017879161528976572 0.0463258785942492
3 0.45745992601726265 0.0950479233226837 0.018495684340320593 0.04792332268370607
3 0.3418618988902589 0.08146964856230032 0.020345252774352653 0.052715654952076675
3 0.24845869297163994 0.08626198083067092 0.025893958076448828 0.0670926517571885
3 0.19728729963008632 0.07987220447284345 0.027127003699136867 0.07028753993610223
0 0.04284833538840937 0.28514376996805113 0.02157829839704069 0.05591054313099041
6 0.04438964241676942 0.3450479233226837 0.018495684340320593 0.04792332268370607
4 0.5487053020961775 0.38817891373801916 0.007398273736128237 0.019169329073482427
1 0.5366831072749692 0.3562300319488818 0.006781750924784217 0.01757188498402556
1 0.5363748458692972 0.39217252396166136 0.007398273736128237 0.019169329073482427
