4 0.6720098643649816 0.38738019169329074 0.013563501849568433 0.03514376996805112
4 0.6245376078914919 0.41373801916932906 0.012330456226880395 0.03194888178913738
4 0.5844636251541308 0.4273162939297125 0.008631319358816275 0.022364217252396165
4 0.5246609124537608 0.4073482428115016 0.004932182490752158 0.012779552715654952
4 0.5255856966707768 0.4257188498402556 0.006781750924784217 0.01757188498402556
4 0.4815043156596794 0.3985623003194888 0.0036991368680641184 0.009584664536741214
4 0.4818125770653514 0.41054313099041534 0.004315659679408138 0.011182108626198083
0 0.436498150431566 0.41613418530351437 0.009864364981504316 0.025559105431309903
6 0.4358816276202219 0.444888178913738 0.009864364981504316 0.025559105431309903
0 0.40505548705302097 0.36661341853035145 0.006165228113440197 0.01597444089456869
0 0.36683107274969173 0.36661341853035145 0.006165228113440197 0.01597444089456869
0 0.32768187422934647 0.36741214057507987 0.006781750924784217 0.01757188498402556
0 0.2709617755856967 0.36661341853035145 0.008014796547472256 0.020766773162939296
0 0.18680641183723798 0.3682108626198083 0.008631319358816275 0.022364217252396165
0 0.1399506781750925 0.36900958466453676 0.008631319358816275 0.022364217252396165
0 0.10141800246609124 0.3722044728434505 0.010480887792848335 0.027156549520766772
0 0.1723181257706535 0.4305111821086262 0.011713933415536375 0.03035143769968051
