5 0.373921085080148 0.5199680511182109 0.005548705302096177 0.01437699680511182
6 0.38871763255240444 0.5159744408945687 0.005548705302096177 0.01437699680511182
4 0.4090628853267571 0.5119808306709265 0.005548705302096177 0.01437699680511182
4 0.4022811344019729 0.5119808306709265 0.005548705302096177 0.01437699680511182
4 0.39488286066584466 0.512779552715655 0.005548705302096177 0.01437699680511182
4 0.3810110974106042 0.5191693290734825 0.006165228113440197 0.01597444089456869
4 0.46763255240443896 0.4936102236421725 0.004315659679408138 0.011182108626198083
4 0.47348951911220716 0.4936102236421725 0.006165228113440197 0.01597444089456869
1 0.5462392108508015 0.5383386581469649 0.006165228113440197 0.01597444089456869
4 0.5462392108508015 0.5239616613418531 0.006165228113440197 0.01597444089456869
