5 0.34741060419235514 0.4233226837060703 0.006781750924784217 0.01757188498402556
3 0.3572749691738594 0.4233226837060703 0.008014796547472256 0.020766773162939296
6 0.36621454993834773 0.42012779552715657 0.007398273736128237 0.019169329073482427
4 0.375154130702836 0.4145367412140575 0.008014796547472256 0.020766773162939296
4 0.38532675709001235 0.41134185303514376 0.007398273736128237 0.019169329073482427
4 0.39395807644882863 0.41373801916932906 0.007398273736128237 0.019169329073482427
4 0.47410604192355116 0.38578274760383385 0.006165228113440197 0.01597444089456869
4 0.48212083847102344 0.3865814696485623 0.006165228113440197 0.01597444089456869
3 0.5773736128236745 0.4289137380191693 0.006781750924784217 0.01757188498402556
1 0.5782983970406905 0.4504792332268371 0.007398273736128237 0.019169329073482427
4 0.5773736128236745 0.40894568690095845 0.006781750924784217 0.01757188498402556
