2 0.5715166461159062 0.3777955271565495 0.02342786683107275 0.06070287539936102
3 0.4839704069050555 0.37859424920127793 0.008631319358816275 0.022364217252396165
1 0.4842786683107275 0.4057507987220447 0.009247842170160296 0.023961661341853034
4 0.4614673242909988 0.4305111821086262 0.004315659679408138 0.011182108626198083
3 0.3625154130702836 0.3753993610223642 0.009864364981504316 0.025559105431309903
1 0.3631319358816276 0.4009584664536741 0.011097410604192354 0.02875399361022364
4 0.2906905055487053 0.365814696485623 0.009247842170160296 0.023961661341853034
0 0.22009864364981505 0.40415335463258784 0.012330456226880395 0.03194888178913738
6 0.21979038224414305 0.4329073482428115 0.012946979038224414 0.03354632587859425
4 0.39981504315659677 0.4305111821086262 0.005548705302096177 0.01437699680511182
