0 0.5163378545006165 0.41773162939297126 0.010480887792848335 0.027156549520766772
6 0.5157213316892725 0.4488817891373802 0.009247842170160296 0.023961661341853034
0 0.46670776818742293 0.3610223642172524 0.006165228113440197 0.01597444089456869
0 0.42755856966707767 0.3570287539936102 0.006781750924784217 0.01757188498402556
0 0.3877928483353884 0.3546325878594249 0.007398273736128237 0.019169329073482427
0 0.3273736128236745 0.347444089456869 0.008631319358816275 0.022364217252396165
0 0.23612823674475955 0.4049520766773163 0.012330456226880395 0.03194888178913738
0 0.1840320591861899 0.33706070287539935 0.009247842170160296 0.023961661341853034
0 0.13964241676942046 0.33626198083067094 0.009247842170160296 0.023961661341853034
4 0.8289149198520345 0.39456869009584666 0.015413070283600493 0.039936102236421724
3 0.7410604192355117 0.4249201277955272 0.014796547472256474 0.038338658146964855
4 0.6698520345252774 0.43690095846645366 0.009247842170160296 0.023961661341853034
4 0.5715166461159062 0.41613418530351437 0.006165228113440197 0.01597444089456869
4 0.5715166461159062 0.43610223642172524 0.006165228113440197 0.01597444089456869
