4 0.5838471023427867 0.42971246006389774 0.008631319358816275 0.022364217252396165
4 0.18033292231812578 0.30431309904153353 0.014180024660912454 0.036741214057507986
0 0.17570900123304561 0.45686900958466453 0.008631319358816275 0.022364217252396165
6 0.17570900123304561 0.48003194888178913 0.009864364981504316 0.025559105431309903
1 0.26202219482120837 0.4704472843450479 0.004932182490752158 0.012779552715654952
1 0.3017879161528977 0.48562300319488816 0.004315659679408138 0.011182108626198083
4 0.18064118372379778 0.305111821086262 0.013563501849568433 0.03514376996805112
0 0.17540073982737361 0.45926517571884984 0.008014796547472256 0.020766773162939296
6 0.17540073982737361 0.4792332268370607 0.009247842170160296 0.023961661341853034
4 0.5835388409371147 0.4305111821086262 0.010480887792848335 0.027156549520766772
