2 0.48304562268803947 0.4057507987220447 0.006781750924784217 0.01757188498402556
3 0.468865598027127 0.38817891373801916 0.004315659679408138 0.011182108626198083
1 0.468865598027127 0.40175718849840253 0.004315659679408138 0.011182108626198083
2 0.39395807644882863 0.4033546325878594 0.008631319358816275 0.022364217252396165
1 0.4090628853267571 0.4033546325878594 0.004315659679408138 0.011182108626198083
4 0.4090628853267571 0.38977635782747605 0.004315659679408138 0.011182108626198083
4 0.37330456226880393 0.38738019169329074 0.004315659679408138 0.011182108626198083
0 0.34278668310727495 0.4073482428115016 0.004932182490752158 0.012779552715654952
6 0.343403205918619 0.4233226837060703 0.004932182490752158 0.012779552715654952
4 0.4213933415536375 0.41214057507987223 0.0030826140567200987 0.007987220447284345
