3 0.7123921085080148 0.35942492012779553 0.008014796547472256 0.020766773162939296
1 0.7108508014796547 0.38258785942492013 0.008631319358816275 0.022364217252396165
4 0.7207151664611591 0.3730031948881789 0.009864364981504316 0.025559105431309903
1 0.6177558569667078 0.36900958466453676 0.004932182490752158 0.012779552715654952
4 0.6177558569667078 0.3538338658146965 0.004932182490752158 0.012779552715654952
4 0.594944512946979 0.36741214057507987 0.007398273736128237 0.019169329073482427
4 0.3680641183723798 0.19488817891373802 0.013563501849568433 0.03514376996805112
0 0.4630086313193588 0.3306709265175719 0.008631319358816275 0.022364217252396165
6 0.4623921085080148 0.35543130990415334 0.007398273736128237 0.019169329073482427
6 0.9099876695437731 0.5 0.036991368680641186 0.09584664536741214
