3 0.38286066584463624 0.3562300319488818 0.006165228113440197 0.01597444089456869
3 0.3970406905055487 0.35543130990415334 0.007398273736128237 0.019169329073482427
3 0.42447595561035756 0.34824281150159747 0.005548705302096177 0.01437699680511182
3 0.4590012330456227 0.3466453674121406 0.005548705302096177 0.01437699680511182
3 0.48273736128236744 0.34584664536741216 0.004932182490752158 0.012779552715654952
0 0.35450061652281134 0.4257188498402556 0.004932182490752158 0.012779552715654952
6 0.35480887792848337 0.43929712460063897 0.005548705302096177 0.01437699680511182
4 0.4445129469790382 0.4225239616613419 0.004932182490752158 0.012779552715654952
1 0.4438964241676942 0.4097444089456869 0.004932182490752158 0.012779552715654952
1 0.49475955610357586 0.4305111821086262 0.0030826140567200987 0.007987220447284345
