4 0.9352651048088779 0.3498402555910543 0.014796547472256474 0.038338658146964855
4 0.8215166461159062 0.38977635782747605 0.015413070283600493 0.039936102236421724
4 0.7333538840937115 0.4073482428115016 0.009247842170160296 0.023961661341853034
2 0.6152897657213316 0.4097444089456869 0.006165228113440197 0.01597444089456869
4 0.6155980271270037 0.39057507987220447 0.005548705302096177 0.01437699680511182
0 0.5730579531442663 0.3929712460063898 0.010480887792848335 0.027156549520766772
6 0.5727496917385944 0.426517571884984 0.011097410604192354 0.02875399361022364
0 0.5160295930949446 0.3402555910543131 0.007398273736128237 0.019169329073482427
0 0.47626387176325524 0.33865814696485624 0.006781750924784217 0.01757188498402556
0 0.43711467324291 0.3354632587859425 0.007398273736128237 0.019169329073482427
0 0.37792848335388407 0.33226837060702874 0.007398273736128237 0.019169329073482427
0 0.2996300863131936 0.3929712460063898 0.011097410604192354 0.02875399361022364
0 0.2928483353884094 0.32987220447284343 0.008631319358816275 0.022364217252396165
0 0.2435265104808878 0.32987220447284343 0.008631319358816275 0.022364217252396165
0 0.20252774352651048 0.3314696485623003 0.009247842170160296 0.023961661341853034
