4 0.9716399506781751 0.38258785942492013 0.01726263871763255 0.04472843450479233
4 0.844327990135635 0.4033546325878594 0.010480887792848335 0.027156549520766772
0 0.6803329223181258 0.3865814696485623 0.010480887792848335 0.027156549520766772
6 0.6794081381011098 0.420926517571885 0.012330456226880395 0.03194888178913738
4 0.6149815043156597 0.3753993610223642 0.004315659679408138 0.011182108626198083
4 0.6146732429099877 0.3889776357827476 0.0036991368680641184 0.009584664536741214
0 0.6014180024660912 0.33226837060702874 0.006781750924784217 0.01757188498402556
0 0.561035758323058 0.32987220447284343 0.007398273736128237 0.019169329073482427
0 0.5209617755856967 0.3266773162939297 0.007398273736128237 0.019169329073482427
0 0.4623921085080148 0.32028753993610226 0.008631319358816275 0.022364217252396165
0 0.4022811344019729 0.38099041533546324 0.011713933415536375 0.03035143769968051
0 0.37422934648581996 0.31389776357827476 0.008631319358816275 0.022364217252396165
0 0.3242909987669544 0.31309904153354634 0.008631319358816275 0.022364217252396165
0 0.282059186189889 0.31309904153354634 0.009247842170160296 0.023961661341853034
