4 0.594944512946979 0.4536741214057508 0.011097410604192354 0.02875399361022364
4 0.594019728729963 0.4169329073482428 0.011713933415536375 0.03035143769968051
4 0.5813810110974106 0.4145367412140575 0.011097410604192354 0.02875399361022364
4 0.5672009864364982 0.41373801916932906 0.012330456226880395 0.03194888178913738
4 0.5530209617755857 0.41293929712460065 0.012330456226880395 0.03194888178913738
4 0.5536374845869297 0.4488817891373802 0.012330456226880395 0.03194888178913738
4 0.5675092478421702 0.4504792332268371 0.011713933415536375 0.03035143769968051
4 0.5807644882860666 0.4512779552715655 0.012330456226880395 0.03194888178913738
6 0.4445129469790382 0.6461661341853036 0.0036991368680641184 0.009584664536741214
3 0.38224414303329224 0.6301916932907349 0.0036991368680641184 0.009584664536741214
6 0.38224414303329224 0.6445686900958466 0.0036991368680641184 0.009584664536741214
