2 0.3397040690505549 0.4009584664536741 0.01972872996300863 0.051118210862619806
0 0.29870530209617757 0.420926517571885 0.006781750924784217 0.01757188498402556
6 0.2996300863131936 0.44009584664536744 0.007398273736128237 0.019169329073482427
2 0.49753390875462394 0.4281150159744409 0.009864364981504316 0.025559105431309903
1 0.470098643649815 0.426517571884984 0.006781750924784217 0.01757188498402556
3 0.47040690505548705 0.40894568690095845 0.006165228113440197 0.01597444089456869
3 0.3905672009864365 0.4033546325878594 0.005548705302096177 0.01437699680511182
1 0.3908754623921085 0.4217252396166134 0.006165228113440197 0.01597444089456869
4 0.40998766954377314 0.43690095846645366 0.0036991368680641184 0.009584664536741214
4 0.45869297163995065 0.43849840255591055 0.002466091245376079 0.006389776357827476
