0 0.4926017262638718 0.3522364217252396 0.011097410604192354 0.02875399361022364
6 0.49229346485819975 0.3889776357827476 0.011713933415536375 0.03035143769968051
4 0.6442663378545006 0.36900958466453676 0.006165228113440197 0.01597444089456869
4 0.6448828606658447 0.34824281150159747 0.006165228113440197 0.01597444089456869
1 0.69019728729963 0.4049520766773163 0.006781750924784217 0.01757188498402556
5 0.6908138101109741 0.4185303514376997 0.004315659679408138 0.011182108626198083
4 0.747842170160296 0.3761980830670926 0.016029593094944512 0.04153354632587859
0 0.39611590628853266 0.4073482428115016 0.004315659679408138 0.011182108626198083
4 0.13471023427866832 0.38578274760383385 0.010480887792848335 0.027156549520766772
1 0.1159062885326757 0.38817891373801916 0.011097410604192354 0.02875399361022364
