0 0.4919852034525277 0.384185303514377 0.014796547472256474 0.038338658146964855
0 0.34956843403205917 0.31150159744408945 0.011097410604192354 0.02875399361022364
0 0.3936498150431566 0.30990415335463256 0.010480887792848335 0.027156549520766772
0 0.4438964241676942 0.3146964856230032 0.009864364981504316 0.025559105431309903
0 0.5348335388409371 0.3226837060702875 0.010480887792848335 0.027156549520766772
0 0.5955610357583231 0.329073482428115 0.008631319358816275 0.022364217252396165
0 0.6371763255240444 0.33226837060702874 0.009247842170160296 0.023961661341853034
0 0.6772503082614056 0.3330670926517572 0.008014796547472256 0.020766773162939296
4 0.6646115906288532 0.3961661341853035 0.004932182490752158 0.012779552715654952
4 0.7352034525277436 0.39217252396166136 0.006781750924784217 0.01757188498402556
2 0.7352034525277436 0.41533546325878595 0.008014796547472256 0.020766773162939296
0 0.7777435265104808 0.39057507987220447 0.011713933415536375 0.03035143769968051
6 0.7771270036991369 0.4273162939297125 0.014180024660912454 0.036741214057507986
4 0.9500616522811344 0.40814696485623003 0.011097410604192354 0.02875399361022364
