5 0.13964241676942046 0.3282747603833866 0.017879161528976572 0.0463258785942492
3 0.1624537607891492 0.3306709265175719 0.01911220715166461 0.04952076677316294
6 0.18279901356350184 0.323482428115016 0.017879161528976572 0.0463258785942492
4 0.20221948212083848 0.31629392971246006 0.018495684340320593 0.04792332268370607
4 0.22503082614056721 0.31150159744408945 0.01972872996300863 0.051118210862619806
4 0.24506781750924783 0.31309904153354634 0.017879161528976572 0.0463258785942492
4 0.42077681874229345 0.26517571884984026 0.014180024660912454 0.036741214057507986
4 0.43834771886559803 0.26916932907348246 0.014796547472256474 0.038338658146964855
1 0.6205302096177558 0.4305111821086262 0.014180024660912454 0.036741214057507986
4 0.6180641183723797 0.35543130990415334 0.011713933415536375 0.03035143769968051
3 0.6186806411837238 0.3929712460063898 0.012946979038224414 0.03354632587859425
4 0.5086313193588162 0.46166134185303515 0.0036991368680641184 0.009584664536741214
4 0.5086313193588162 0.4504792332268371 0.0036991368680641184 0.009584664536741214
