1 0.7573982737361282 0.6757188498402555 0.01911220715166461 0.04952076677316294
4 0.7672626387176326 0.75 0.01911220715166461 0.04952076677316294
1 0.46701602959309496 0.8514376996805112 0.009247842170160296 0.023961661341853034
4 0.46701602959309496 0.8865814696485623 0.010480887792848335 0.027156549520766772
0 0.30209617755856966 0.8738019169329073 0.008631319358816275 0.022364217252396165
0 0.3008631319358816 0.8761980830670927 0.008631319358816275 0.022364217252396165
1 0.46701602959309496 0.8522364217252396 0.009247842170160296 0.023961661341853034
4 0.46701602959309496 0.8865814696485623 0.009247842170160296 0.023961661341853034
1 0.7567817509247842 0.6789137380191693 0.017879161528976572 0.0463258785942492
4 0.7663378545006165 0.7515974440894568 0.018495684340320593 0.04792332268370607
