6 0.4189272503082614 0.713258785942492 0.006781750924784217 0.01757188498402556
0 0.15752157829839705 0.6789137380191693 0.006781750924784217 0.01757188498402556
1 0.5745992601726264 0.670926517571885 0.006165228113440197 0.01597444089456869
3 0.5745992601726264 0.6876996805111821 0.006165228113440197 0.01597444089456869
4 0.5764488286066585 0.7148562300319489 0.006165228113440197 0.01597444089456869
3 0.5764488286066585 0.731629392971246 0.006165228113440197 0.01597444089456869
1 0.6945129469790382 0.7523961661341853 0.004315659679408138 0.011182108626198083
4 0.6942046855733662 0.7619808306709265 0.0036991368680641184 0.009584664536741214
3 0.6467324290998767 0.7460063897763578 0.006165228113440197 0.01597444089456869
4 0.6467324290998767 0.7300319488817891 0.006165228113440197 0.01597444089456869
1 0.6402589395807645 0.6876996805111821 0.005548705302096177 0.01437699680511182
3 0.6399506781750924 0.7028753993610224 0.004932182490752158 0.012779552715654952
