3 0.4497533908754624 0.26517571884984026 0.010480887792848335 0.027156549520766772
3 0.49445129469790383 0.26517571884984026 0.011097410604192354 0.02875399361022364
3 0.38378545006165227 0.26277955271565495 0.012946979038224414 0.03354632587859425
3 0.3313810110974106 0.2707667731629393 0.014180024660912454 0.036741214057507986
3 0.30363748458692974 0.26996805111821087 0.016646115906288533 0.04313099041533546
4 0.41954377311960545 0.4097444089456869 0.010480887792848335 0.027156549520766772
1 0.4192355117139334 0.38099041533546324 0.011097410604192354 0.02875399361022364
1 0.5080147965474723 0.42971246006389774 0.004932182490752158 0.012779552715654952
1 0.5077065351418002 0.4049520766773163 0.005548705302096177 0.01437699680511182
4 0.5141800246609125 0.4273162939297125 0.004932182490752158 0.012779552715654952
