4 0.9016646115906288 0.1853035143769968 0.032675709001233046 0.08466453674121406
0 0.13347718865598027 0.1477635782747604 0.011713933415536375 0.03035143769968051
6 0.13686806411837238 0.1733226837060703 0.014796547472256474 0.038338658146964855
1 0.34833538840937117 0.2012779552715655 0.004932182490752158 0.012779552715654952
4 0.2712700369913687 0.12380191693290735 0.007398273736128237 0.019169329073482427
4 0.2623304562268804 0.12140575079872204 0.008014796547472256 0.020766773162939296
1 0.34895191122071517 0.19968051118210864 0.004932182490752158 0.012779552715654952
4 0.2623304562268804 0.11980830670926518 0.008014796547472256 0.020766773162939296
4 0.27219482120838473 0.12460063897763578 0.008014796547472256 0.020766773162939296
4 0.9019728729963009 0.18849840255591055 0.03329223181257707 0.08626198083067092
