0 0.1538224414303329 0.2723642172523962 0.017879161528976572 0.0463258785942492
6 0.15721331689272502 0.3170926517571885 0.018495684340320593 0.04792332268370607
3 0.5018495684340321 0.2507987220447284 0.006165228113440197 0.01597444089456869
3 0.5110974106041923 0.2515974440894569 0.006165228113440197 0.01597444089456869
3 0.5197287299630087 0.2523961661341853 0.006165228113440197 0.01597444089456869
3 0.502157829839704 0.2507987220447284 0.005548705302096177 0.01437699680511182
3 0.5107891491985204 0.2523961661341853 0.005548705302096177 0.01437699680511182
3 0.5194204685573366 0.2523961661341853 0.005548705302096177 0.01437699680511182
0 0.1535141800246609 0.2723642172523962 0.01726263871763255 0.04472843450479233
6 0.15690505548705302 0.31629392971246006 0.017879161528976572 0.0463258785942492
0 0.1535141800246609 0.2715654952076677 0.01726263871763255 0.04472843450479233
6 0.15690505548705302 0.31629392971246006 0.017879161528976572 0.0463258785942492
3 0.5018495684340321 0.2507987220447284 0.006165228113440197 0.01597444089456869
3 0.5107891491985204 0.2515974440894569 0.005548705302096177 0.01437699680511182
3 0.5191122071516646 0.2531948881789137 0.006165228113440197 0.01597444089456869
