5 0.8085696670776819 0.21485623003194887 0.05240443896424168 0.13578274760383385
0 0.5739827373612824 0.20447284345047922 0.002466091245376079 0.006389776357827476
6 0.5739827373612824 0.21006389776357828 0.002466091245376079 0.006389776357827476
4 0.5989519112207151 0.21485623003194887 0.0030826140567200987 0.007987220447284345
5 0.6125154130702836 0.21805111821086262 0.005548705302096177 0.01437699680511182
5 0.810727496917386 0.21405750798722045 0.05425400739827373 0.14057507987220447
0 0.5739827373612824 0.20447284345047922 0.002466091245376079 0.006389776357827476
6 0.5739827373612824 0.2108626198083067 0.002466091245376079 0.006389776357827476
4 0.5983353884093712 0.21485623003194887 0.0030826140567200987 0.007987220447284345
5 0.6020345252774353 0.21405750798722045 0.0030826140567200987 0.007987220447284345
5 0.6128236744759556 0.21805111821086262 0.006165228113440197 0.01597444089456869
