5 0.5403822441430333 0.38099041533546324 0.015413070283600493 0.039936102236421724
5 0.5163378545006165 0.43130990415335463 0.006781750924784217 0.01757188498402556
5 0.5110974106041923 0.4329073482428115 0.004932182490752158 0.012779552715654952
5 0.5400739827373613 0.3801916932907348 0.016029593094944512 0.04153354632587859
5 0.5110974106041923 0.4329073482428115 0.004932182490752158 0.012779552715654952
5 0.5172626387176326 0.43210862619808305 0.006165228113440197 0.01597444089456869
5 0.5397657213316893 0.3801916932907348 0.014180024660912454 0.036741214057507986
5 0.5169543773119606 0.4329073482428115 0.006781750924784217 0.01757188498402556
5 0.5114056720098644 0.43210862619808305 0.004315659679408138 0.011182108626198083
5 0.5400739827373613 0.3801916932907348 0.01726263871763255 0.04472843450479233
5 0.5172626387176326 0.43210862619808305 0.007398273736128237 0.019169329073482427
5 0.5114056720098644 0.4329073482428115 0.005548705302096177 0.01437699680511182
