6 0.1966707768187423 0.5734824281150159 0.009864364981504316 0.025559105431309903
0 0.4466707768187423 0.5463258785942492 0.006781750924784217 0.01757188498402556
6 0.44636251541307026 0.5670926517571885 0.007398273736128237 0.019169329073482427
0 0.7866831072749692 0.5527156549520766 0.014796547472256474 0.038338658146964855
6 0.19697903822441432 0.5726837060702875 0.011713933415536375 0.03035143769968051
0 0.4469790382244143 0.5447284345047924 0.007398273736128237 0.019169329073482427
6 0.4466707768187423 0.5670926517571885 0.008014796547472256 0.020766773162939296
0 0.7863748458692972 0.5519169329073482 0.015413070283600493 0.039936102236421724
6 0.1966707768187423 0.5726837060702875 0.009864364981504316 0.025559105431309903
6 0.44636251541307026 0.5662939297124601 0.007398273736128237 0.019169329073482427
0 0.4466707768187423 0.5463258785942492 0.006781750924784217 0.01757188498402556
0 0.7857583230579531 0.5519169329073482 0.012946979038224414 0.03354632587859425
