1 0.6088162762022195 0.5087859424920128 0.005548705302096177 0.01437699680511182
3 0.5033908754623921 0.3817891373801917 0.009247842170160296 0.023961661341853034
3 0.5144882860665845 0.3793929712460064 0.008014796547472256 0.020766773162939296
1 0.5252774352651048 0.3801916932907348 0.009864364981504316 0.025559105431309903
4 0.5252774352651048 0.40654952076677314 0.007398273736128237 0.019169329073482427
3 0.5030826140567201 0.3817891373801917 0.008631319358816275 0.022364217252396165
3 0.5144882860665845 0.3817891373801917 0.006781750924784217 0.01757188498402556
1 0.5249691738594328 0.3793929712460064 0.009247842170160296 0.023961661341853034
4 0.5249691738594328 0.40654952076677314 0.006781750924784217 0.01757188498402556
1 0.6088162762022195 0.5103833865814696 0.004315659679408138 0.011182108626198083
1 0.5252774352651048 0.3801916932907348 0.009864364981504316 0.025559105431309903
4 0.5252774352651048 0.4057507987220447 0.007398273736128237 0.019169329073482427
3 0.5144882860665845 0.3801916932907348 0.008014796547472256 0.020766773162939296
3 0.5033908754623921 0.3817891373801917 0.009247842170160296 0.023961661341853034
1 0.6085080147965475 0.5087859424920128 0.004932182490752158 0.012779552715654952
1 0.5252774352651048 0.3801916932907348 0.009864364981504316 0.025559105431309903
4 0.5255856966707768 0.4057507987220447 0.008014796547472256 0.020766773162939296
3 0.5033908754623921 0.38099041533546324 0.009247842170160296 0.023961661341853034
3 0.5141800246609125 0.3801916932907348 0.007398273736128237 0.019169329073482427
1 0.6085080147965475 0.5087859424920128 0.004932182490752158 0.012779552715654952
