3 0.3622071516646116 0.4424920127795527 0.015413070283600493 0.039936102236421724
3 0.3819358816276202 0.4480830670926518 0.014180024660912454 0.036741214057507986
3 0.40043156596794083 0.4544728434504792 0.012946979038224414 0.03354632587859425
3 0.3628236744759556 0.44009584664536744 0.015413070283600493 0.039936102236421724
3 0.3819358816276202 0.4464856230031949 0.015413070283600493 0.039936102236421724
3 0.40043156596794083 0.4512779552715655 0.012946979038224414 0.03354632587859425
3 0.3625154130702836 0.4416932907348243 0.014796547472256474 0.038338658146964855
3 0.3819358816276202 0.4472843450479233 0.014180024660912454 0.036741214057507986
3 0.4001233045622688 0.4528753993610224 0.012330456226880395 0.03194888178913738
3 0.3625154130702836 0.43929712460063897 0.016029593094944512 0.04153354632587859
3 0.38286066584463624 0.4464856230031949 0.014796547472256474 0.038338658146964855
3 0.4001233045622688 0.4528753993610224 0.013563501849568433 0.03514376996805112
3 0.3622071516646116 0.44089456869009586 0.015413070283600493 0.039936102236421724
3 0.38224414303329224 0.44568690095846647 0.014796547472256474 0.038338658146964855
3 0.40043156596794083 0.4512779552715655 0.014180024660912454 0.036741214057507986
3 0.36189889025893957 0.4416932907348243 0.014796547472256474 0.038338658146964855
3 0.38224414303329224 0.4472843450479233 0.013563501849568433 0.03514376996805112
3 0.40043156596794083 0.4544728434504792 0.011713933415536375 0.03035143769968051
