5 0.5554870530209618 0.5535143769968051 0.014796547472256474 0.038338658146964855
1 0.5992601726263872 0.5646964856230032 0.009864364981504316 0.025559105431309903
1 0.5989519112207151 0.5623003194888179 0.010480887792848335 0.027156549520766772
5 0.5554870530209618 0.5527156549520766 0.014796547472256474 0.038338658146964855
1 0.4192355117139334 0.5862619808306709 0.004932182490752158 0.012779552715654952
1 0.5986436498150431 0.5630990415335463 0.009864364981504316 0.025559105431309903
5 0.5548705302096177 0.5535143769968051 0.016029593094944512 0.04153354632587859
1 0.4189272503082614 0.5846645367412141 0.004315659679408138 0.011182108626198083
1 0.5992601726263872 0.5638977635782748 0.009864364981504316 0.025559105431309903
5 0.5551787916152897 0.5543130990415336 0.012946979038224414 0.03354632587859425
1 0.4189272503082614 0.5854632587859425 0.004315659679408138 0.011182108626198083
