2 0.4747225647348952 0.31789137380191695 0.006165228113440197 0.01597444089456869
2 0.4747225647348952 0.31789137380191695 0.006165228113440197 0.01597444089456869
1 0.2543156596794081 0.3586261980830671 0.009247842170160296 0.023961661341853034
4 0.2521578298397041 0.3170926517571885 0.008631319358816275 0.022364217252396165
4 0.25154130702836003 0.3170926517571885 0.007398273736128237 0.019169329073482427
1 0.2536991368680641 0.3586261980830671 0.008014796547472256 0.020766773162939296
2 0.4744143033292232 0.3170926517571885 0.006781750924784217 0.01757188498402556
2 0.4747225647348952 0.31629392971246006 0.006165228113440197 0.01597444089456869
1 0.2533908754623921 0.35942492012779553 0.008631319358816275 0.022364217252396165
4 0.25154130702836003 0.3170926517571885 0.007398273736128237 0.019169329073482427
