0 0.2601726263871763 0.4416932907348243 0.007398273736128237 0.019169329073482427
6 0.25986436498150434 0.46006389776357826 0.006781750924784217 0.01757188498402556
1 0.4028976572133169 0.48642172523961663 0.004315659679408138 0.011182108626198083
4 0.3967324290998767 0.49440894568690097 0.005548705302096177 0.01437699680511182
1 0.4435881627620222 0.505591054313099 0.004315659679408138 0.011182108626198083
5 0.4435881627620222 0.518370607028754 0.004315659679408138 0.011182108626198083
0 0.26048088779284834 0.44089456869009586 0.006781750924784217 0.01757188498402556
6 0.2601726263871763 0.45926517571884984 0.007398273736128237 0.019169329073482427
1 0.4028976572133169 0.48642172523961663 0.004315659679408138 0.011182108626198083
4 0.3967324290998767 0.4952076677316294 0.005548705302096177 0.01437699680511182
1 0.44420468557336623 0.505591054313099 0.004315659679408138 0.011182108626198083
5 0.44420468557336623 0.5175718849840255 0.004315659679408138 0.011182108626198083
0 0.25986436498150434 0.44089456869009586 0.006781750924784217 0.01757188498402556
6 0.25986436498150434 0.4584664536741214 0.006781750924784217 0.01757188498402556
4 0.3967324290998767 0.4952076677316294 0.005548705302096177 0.01437699680511182
1 0.4028976572133169 0.48642172523961663 0.004315659679408138 0.011182108626198083
1 0.4435881627620222 0.505591054313099 0.004315659679408138 0.011182108626198083
5 0.4438964241676942 0.5175718849840255 0.004932182490752158 0.012779552715654952
