4 0.4204685573366215 0.5071884984025559 0.011097410604192354 0.02875399361022364
3 0.42016029593094945 0.4776357827476038 0.010480887792848335 0.027156549520766772
3 0.4204685573366215 0.4784345047923323 0.011097410604192354 0.02875399361022364
4 0.42016029593094945 0.5071884984025559 0.011713933415536375 0.03035143769968051
3 0.4204685573366215 0.4792332268370607 0.009864364981504316 0.025559105431309903
4 0.4204685573366215 0.5071884984025559 0.011097410604192354 0.02875399361022364
3 0.4204685573366215 0.4776357827476038 0.009864364981504316 0.025559105431309903
4 0.4204685573366215 0.5079872204472844 0.011097410604192354 0.02875399361022364
3 0.4204685573366215 0.48003194888178913 0.009864364981504316 0.025559105431309903
4 0.42016029593094945 0.5087859424920128 0.010480887792848335 0.027156549520766772
