4 0.3708384710234279 0.6461661341853036 0.005548705302096177 0.01437699680511182
4 0.37669543773119607 0.6477635782747604 0.0036991368680641184 0.009584664536741214
0 0.5841553637484587 0.6589456869009584 0.005548705302096177 0.01437699680511182
4 0.686189889025894 0.6517571884984026 0.004932182490752158 0.012779552715654952
4 0.6920468557336621 0.6517571884984026 0.004315659679408138 0.011182108626198083
4 0.686189889025894 0.6533546325878594 0.004932182490752158 0.012779552715654952
0 0.5844636251541308 0.6605431309904153 0.004932182490752158 0.012779552715654952
4 0.3708384710234279 0.6461661341853036 0.004315659679408138 0.011182108626198083
4 0.37053020961775585 0.6461661341853036 0.004932182490752158 0.012779552715654952
4 0.37638717632552404 0.6493610223642172 0.0030826140567200987 0.007987220447284345
0 0.5844636251541308 0.6597444089456869 0.006165228113440197 0.01597444089456869
4 0.686189889025894 0.6517571884984026 0.004932182490752158 0.012779552715654952
4 0.6920468557336621 0.6517571884984026 0.004315659679408138 0.011182108626198083
0 0.5844636251541308 0.6597444089456869 0.006165228113440197 0.01597444089456869
4 0.686189889025894 0.6517571884984026 0.004932182490752158 0.012779552715654952
4 0.6923551171393342 0.6517571884984026 0.004932182490752158 0.012779552715654952
4 0.3711467324290999 0.6461661341853036 0.004932182490752158 0.012779552715654952
4 0.37700369913686804 0.6493610223642172 0.0030826140567200987 0.007987220447284345
