2 0.437422934648582 0.6118210862619808 0.01911220715166461 0.04952076677316294
5 0.40721331689272505 0.6293929712460063 0.006781750924784217 0.01757188498402556
0 0.3877928483353884 0.6150159744408946 0.002466091245376079 0.006389776357827476
6 0.38810110974106043 0.6238019169329073 0.0030826140567200987 0.007987220447284345
2 0.43711467324291 0.6126198083067093 0.018495684340320593 0.04792332268370607
5 0.40721331689272505 0.6285942492012779 0.006781750924784217 0.01757188498402556
0 0.38810110974106043 0.6150159744408946 0.0030826140567200987 0.007987220447284345
6 0.3877928483353884 0.6230031948881789 0.002466091245376079 0.006389776357827476
2 0.437422934648582 0.6110223642172524 0.017879161528976572 0.0463258785942492
5 0.40721331689272505 0.6285942492012779 0.006781750924784217 0.01757188498402556
0 0.3877928483353884 0.6150159744408946 0.002466091245376079 0.006389776357827476
6 0.38810110974106043 0.6230031948881789 0.0030826140567200987 0.007987220447284345
2 0.43711467324291 0.610223642172524 0.01972872996300863 0.051118210862619806
5 0.406905055487053 0.6285942492012779 0.006165228113440197 0.01597444089456869
0 0.3877928483353884 0.6150159744408946 0.002466091245376079 0.006389776357827476
6 0.38810110974106043 0.6230031948881789 0.0030826140567200987 0.007987220447284345
