4 0.7062268803945746 0.5319488817891374 0.08323057953144267 0.21565495207667731
0 0.059186189889025895 0.6389776357827476 0.013563501849568433 0.03514376996805112
0 0.13532675709001232 0.634185303514377 0.012946979038224414 0.03354632587859425
0 0.15752157829839705 0.7068690095846646 0.02527743526510481 0.06549520766773163
6 0.14950678175092477 0.7891373801916933 0.027743526510480888 0.07188498402555911
0 0.2127003699136868 0.6301916932907349 0.013563501849568433 0.03514376996805112
3 0.43927250308261406 0.7180511182108626 0.006781750924784217 0.01757188498402556
4 0.43927250308261406 0.7388178913738019 0.006781750924784217 0.01757188498402556
4 0.5006165228113441 0.755591054313099 0.011097410604192354 0.02875399361022364
4 0.499383477188656 0.7244408945686901 0.009864364981504316 0.025559105431309903
4 0.7062268803945746 0.5359424920127795 0.07953144266337854 0.20607028753993611
4 0.500308261405672 0.7563897763578274 0.010480887792848335 0.027156549520766772
4 0.49969173859432797 0.7244408945686901 0.010480887792848335 0.027156549520766772
3 0.43896424167694204 0.7180511182108626 0.007398273736128237 0.019169329073482427
4 0.43927250308261406 0.7388178913738019 0.006781750924784217 0.01757188498402556
0 0.15752157829839705 0.7068690095846646 0.02651048088779285 0.06869009584664537
6 0.14827373612823674 0.786741214057508 0.02651048088779285 0.06869009584664537
0 0.2123921085080148 0.6309904153354633 0.012946979038224414 0.03354632587859425
0 0.13532675709001232 0.634185303514377 0.012946979038224414 0.03354632587859425
0 0.0594944512946979 0.6389776357827476 0.012946979038224414 0.03354632587859425
