5 0.9488286066584464 0.17971246006389777 0.09741060419235512 0.2523961661341853
0 0.564118372379778 0.19408945686900958 0.0036991368680641184 0.009584664536741214
6 0.5647348951911221 0.2036741214057508 0.0036991368680641184 0.009584664536741214
3 0.6085080147965475 0.2084664536741214 0.006165228113440197 0.01597444089456869
5 0.6223797780517879 0.20766773162939298 0.009247842170160296 0.023961661341853034
5 0.9509864364981504 0.17971246006389777 0.09186189889025893 0.2380191693290735
3 0.6085080147965475 0.2084664536741214 0.006165228113440197 0.01597444089456869
5 0.6217632552404438 0.2084664536741214 0.006781750924784217 0.01757188498402556
0 0.5644266337854501 0.19249201277955272 0.0030826140567200987 0.007987220447284345
6 0.564118372379778 0.2036741214057508 0.0036991368680641184 0.009584664536741214
