4 0.6020345252774353 0.4560702875399361 0.03514180024660912 0.09105431309904154
5 0.6436498150431565 0.43210862619808305 0.04562268803945746 0.1182108626198083
1 0.5027743526510481 0.48562300319488816 0.009247842170160296 0.023961661341853034
0 0.39919852034525277 0.4329073482428115 0.009247842170160296 0.023961661341853034
6 0.39827373612823674 0.45527156549520764 0.008631319358816275 0.022364217252396165
4 0.6011097410604193 0.45686900958466453 0.0345252774352651 0.08945686900958466
5 0.6445745992601726 0.43130990415335463 0.04623921085080148 0.11980830670926518
1 0.5018495684340321 0.48562300319488816 0.008631319358816275 0.022364217252396165
0 0.39889025893958074 0.43370607028753994 0.008631319358816275 0.022364217252396165
6 0.39765721331689274 0.45686900958466453 0.008631319358816275 0.022364217252396165
4 0.6023427866831073 0.45686900958466453 0.035758323057953144 0.0926517571884984
5 0.6445745992601726 0.43450479233226835 0.047472256473489516 0.12300319488817892
0 0.39827373612823674 0.43370607028753994 0.008631319358816275 0.022364217252396165
6 0.39827373612823674 0.45686900958466453 0.008631319358816275 0.022364217252396165
1 0.502157829839704 0.48562300319488816 0.009247842170160296 0.023961661341853034
4 0.6001849568434032 0.4560702875399361 0.032675709001233046 0.08466453674121406
5 0.6439580764488286 0.4329073482428115 0.043773119605425403 0.1134185303514377
0 0.39919852034525277 0.43370607028753994 0.008014796547472256 0.020766773162939296
6 0.3979654747225647 0.45766773162939295 0.008014796547472256 0.020766773162939296
1 0.5024660912453761 0.48642172523961663 0.008631319358816275 0.022364217252396165
