4 0.5684340320591862 0.46645367412140576 0.011097410604192354 0.02875399361022364
3 0.5274352651048089 0.46246006389776356 0.008014796547472256 0.020766773162939296
0 0.8387792848335388 0.38498402555910544 0.012946979038224414 0.03354632587859425
4 0.5687422934648582 0.46565495207667734 0.011713933415536375 0.03035143769968051
3 0.5274352651048089 0.46325878594249204 0.008014796547472256 0.020766773162939296
0 0.8390875462392109 0.38738019169329074 0.013563501849568433 0.03514376996805112
1 0.4432799013563502 0.5215654952076677 0.0036991368680641184 0.009584664536741214
3 0.5274352651048089 0.46325878594249204 0.008014796547472256 0.020766773162939296
4 0.5678175092478421 0.46405750798722045 0.011097410604192354 0.02875399361022364
0 0.8384710234278668 0.38578274760383385 0.012330456226880395 0.03194888178913738
