4 0.3529593094944513 0.44009584664536744 0.006781750924784217 0.01757188498402556
1 0.3628236744759556 0.4496805111821086 0.005548705302096177 0.01437699680511182
2 0.3628236744759556 0.46645367412140576 0.005548705302096177 0.01437699680511182
4 0.38964241676942046 0.4776357827476038 0.0036991368680641184 0.009584664536741214
4 0.3532675709001233 0.44089456869009586 0.006165228113440197 0.01597444089456869
1 0.3628236744759556 0.4512779552715655 0.005548705302096177 0.01437699680511182
2 0.3625154130702836 0.46645367412140576 0.004932182490752158 0.012779552715654952
4 0.38933415536374844 0.4776357827476038 0.0030826140567200987 0.007987220447284345
4 0.3526510480887793 0.44089456869009586 0.006165228113440197 0.01597444089456869
1 0.3628236744759556 0.4512779552715655 0.005548705302096177 0.01437699680511182
2 0.3628236744759556 0.46645367412140576 0.005548705302096177 0.01437699680511182
4 0.38964241676942046 0.476038338658147 0.0036991368680641184 0.009584664536741214
