1 0.5897040690505548 0.4241214057507987 0.008014796547472256 0.020766773162939296
4 0.5243526510480888 0.4225239616613419 0.0030826140567200987 0.007987220447284345
1 0.5246609124537608 0.41134185303514376 0.0036991368680641184 0.009584664536741214
0 0.2885326757090012 0.35303514376996803 0.013563501849568433 0.03514376996805112
5 0.5681257706535142 0.43610223642172524 0.004315659679408138 0.011182108626198083
0 0.2885326757090012 0.3538338658146965 0.012330456226880395 0.03194888178913738
5 0.2848335388409371 0.38738019169329074 0.004932182490752158 0.012779552715654952
1 0.5893958076448829 0.4249201277955272 0.007398273736128237 0.019169329073482427
5 0.5681257706535142 0.43450479233226835 0.004315659679408138 0.011182108626198083
4 0.5240443896424167 0.4233226837060703 0.002466091245376079 0.006389776357827476
1 0.5252774352651048 0.41054313099041534 0.002466091245376079 0.006389776357827476
