1 0.8501849568434032 0.6405750798722045 0.01726263871763255 0.04472843450479233
5 0.8893341553637485 0.646964856230032 0.020345252774352653 0.052715654952076675
5 0.8896424167694205 0.6461661341853036 0.02096177558569667 0.054313099041533544
1 0.8504932182490752 0.6413738019169329 0.016646115906288533 0.04313099041533546
0 0.6522811344019729 0.6421725239616614 0.002466091245376079 0.006389776357827476
5 0.8908754623921085 0.646964856230032 0.01972872996300863 0.051118210862619806
1 0.8504932182490752 0.6405750798722045 0.017879161528976572 0.0463258785942492
1 0.8504932182490752 0.6405750798722045 0.016646115906288533 0.04313099041533546
5 0.8905672009864365 0.646964856230032 0.020345252774352653 0.052715654952076675
0 0.6522811344019729 0.6421725239616614 0.002466091245376079 0.006389776357827476
