0 0.34741060419235514 0.5407348242811502 0.0030826140567200987 0.007987220447284345
6 0.3471023427866831 0.5503194888178914 0.0036991368680641184 0.009584664536741214
6 0.41091245376078916 0.5638977635782748 0.006781750924784217 0.01757188498402556
0 0.3467940813810111 0.5415335463258786 0.0030826140567200987 0.007987220447284345
6 0.3467940813810111 0.5503194888178914 0.0030826140567200987 0.007987220447284345
6 0.41091245376078916 0.5646964856230032 0.006781750924784217 0.01757188498402556
6 0.41060419235511714 0.5638977635782748 0.007398273736128237 0.019169329073482427
1 0.43988902589395806 0.5742811501597445 0.0030826140567200987 0.007987220447284345
0 0.3471023427866831 0.5415335463258786 0.002466091245376079 0.006389776357827476
6 0.3467940813810111 0.5503194888178914 0.0030826140567200987 0.007987220447284345
