4 0.6045006165228114 0.268370607028754 0.006781750924784217 0.01757188498402556
4 0.6094327990135635 0.24121405750798722 0.006781750924784217 0.01757188498402556
4 0.6054254007398274 0.22284345047923323 0.007398273736128237 0.019169329073482427
4 0.6011097410604193 0.24201277955271566 0.007398273736128237 0.019169329073482427
1 0.6680024660912454 0.31150159744408945 0.008014796547472256 0.020766773162939296
4 0.4707151664611591 0.30990415335463256 0.0030826140567200987 0.007987220447284345
1 0.4707151664611591 0.3314696485623003 0.0030826140567200987 0.007987220447284345
4 0.47102342786683105 0.3083067092651757 0.0036991368680641184 0.009584664536741214
1 0.47102342786683105 0.32987220447284343 0.0036991368680641184 0.009584664536741214
4 0.6048088779284834 0.268370607028754 0.007398273736128237 0.019169329073482427
4 0.6094327990135635 0.24041533546325877 0.006781750924784217 0.01757188498402556
4 0.6004932182490752 0.24281150159744408 0.007398273736128237 0.019169329073482427
4 0.6057336621454994 0.22364217252396165 0.006781750924784217 0.01757188498402556
1 0.6683107274969173 0.31150159744408945 0.007398273736128237 0.019169329073482427
