3 0.5077065351418002 0.1988817891373802 0.01911220715166461 0.04952076677316294
3 0.5403822441430333 0.4520766773162939 0.02404438964241677 0.06230031948881789
3 0.5413070283600493 0.4528753993610224 0.02342786683107275 0.06070287539936102
3 0.5070900123304563 0.19808306709265175 0.01911220715166461 0.04952076677316294
3 0.5409987669543773 0.4536741214057508 0.02281134401972873 0.05910543130990415
3 0.5064734895191122 0.19968051118210864 0.016646115906288533 0.04313099041533546
3 0.5403822441430333 0.4528753993610224 0.02404438964241677 0.06230031948881789
3 0.5067817509247842 0.19968051118210864 0.01726263871763255 0.04472843450479233
3 0.5409987669543773 0.4528753993610224 0.02281134401972873 0.05910543130990415
3 0.5061652281134402 0.19968051118210864 0.01726263871763255 0.04472843450479233
