4 0.33631319358816275 0.4217252396166134 0.032675709001233046 0.08466453674121406
3 0.34001233045622686 0.33945686900958466 0.032675709001233046 0.08466453674121406
4 0.3847102342786683 0.6821086261980831 0.004932182490752158 0.012779552715654952
3 0.3397040690505549 0.34105431309904155 0.030826140567200986 0.07987220447284345
4 0.3366214549938348 0.42012779552715657 0.032059186189889025 0.08306709265175719
4 0.3847102342786683 0.6813099041533547 0.004932182490752158 0.012779552715654952
4 0.3369297163995068 0.4193290734824281 0.032675709001233046 0.08466453674121406
3 0.33939580764488286 0.33945686900958466 0.031442663378545004 0.08146964856230032
4 0.3847102342786683 0.6821086261980831 0.004932182490752158 0.012779552715654952
4 0.8569667077681874 0.04792332268370607 0.14303329223181258 0.3706070287539936
