0 0.24815043156596794 0.5383386581469649 0.014180024660912454 0.036741214057507986
6 0.24722564734895192 0.5710862619808307 0.014796547472256474 0.038338658146964855
3 0.36035758323057954 0.5143769968051118 0.006781750924784217 0.01757188498402556
3 0.3967324290998767 0.5191693290734825 0.006781750924784217 0.01757188498402556
3 0.4408138101109741 0.5119808306709265 0.0036991368680641184 0.009584664536741214
4 0.46979038224414305 0.5726837060702875 0.008631319358816275 0.022364217252396165
1 0.4966091245376079 0.5702875399361023 0.010480887792848335 0.027156549520766772
1 0.6732429099876696 0.6134185303514377 0.007398273736128237 0.019169329073482427
3 0.7450678175092479 0.5958466453674122 0.005548705302096177 0.01437699680511182
3 0.7533908754623921 0.5966453674121406 0.006165228113440197 0.01597444089456869
