0 0.7453760789149199 0.11581469648562301 0.02096177558569667 0.054313099041533544
6 0.7429099876695437 0.1621405750798722 0.01972872996300863 0.051118210862619806
5 0.9294081381011098 0.2036741214057508 0.016646115906288533 0.04313099041533546
5 0.8936498150431565 0.20047923322683706 0.008014796547472256 0.020766773162939296
5 0.8828606658446363 0.21884984025559107 0.004932182490752158 0.012779552715654952
5 0.8914919852034525 0.21565495207667731 0.007398273736128237 0.019169329073482427
5 0.8745376078914919 0.22523961661341854 0.0030826140567200987 0.007987220447284345
0 0.7453760789149199 0.11581469648562301 0.01972872996300863 0.051118210862619806
6 0.7429099876695437 0.16134185303514376 0.01972872996300863 0.051118210862619806
5 0.9287916152897657 0.20527156549520767 0.015413070283600493 0.039936102236421724
5 0.8939580764488286 0.20047923322683706 0.006165228113440197 0.01597444089456869
5 0.8914919852034525 0.21485623003194887 0.006165228113440197 0.01597444089456869
5 0.8825524044389642 0.21884984025559107 0.004315659679408138 0.011182108626198083
5 0.874845869297164 0.22523961661341854 0.002466091245376079 0.006389776357827476
0 0.7456843403205918 0.11421725239616613 0.020345252774352653 0.052715654952076675
6 0.7426017262638718 0.1621405750798722 0.020345252774352653 0.052715654952076675
5 0.9294081381011098 0.20447284345047922 0.015413070283600493 0.039936102236421724
5 0.8933415536374846 0.2012779552715655 0.007398273736128237 0.019169329073482427
5 0.8914919852034525 0.21565495207667731 0.006165228113440197 0.01597444089456869
