1 0.4978421701602959 0.3490415335463259 0.011713933415536375 0.03035143769968051
5 0.4599260172626387 0.34345047923322686 0.004932182490752158 0.012779552715654952
1 0.49753390875462394 0.34824281150159747 0.011097410604192354 0.02875399361022364
5 0.46054254007398276 0.3442492012779553 0.004932182490752158 0.012779552715654952
1 0.49753390875462394 0.34824281150159747 0.011097410604192354 0.02875399361022364
5 0.46023427866831074 0.3442492012779553 0.004315659679408138 0.011182108626198083
1 0.49753390875462394 0.347444089456869 0.012330456226880395 0.03194888178913738
5 0.46023427866831074 0.3442492012779553 0.004315659679408138 0.011182108626198083
1 0.49753390875462394 0.34824281150159747 0.011097410604192354 0.02875399361022364
5 0.4596177558569667 0.3442492012779553 0.004315659679408138 0.011182108626198083
